79.603149 6.616318
79.603149 6.643364
79.603149 6.670418
79.603149 6.697456
79.603149 6.724495
79.603149 6.751541
79.603149 6.778587
79.603149 6.805618
79.603149 6.832657
79.603149 6.859688
79.603149 6.886719
79.603149 6.913757
79.603149 6.940788
79.603149 6.967812
79.603149 6.994843
79.603149 7.021873
79.603149 7.048897
79.603149 7.075912
79.603149 7.102936
79.603149 7.129959
79.603149 7.156975
79.603149 7.183998
79.603149 7.211006
79.603149 7.238014
79.603149 7.265030
79.603149 7.292038
79.603149 7.319054
79.603149 7.346046
79.603149 7.373055
79.630379 6.616318
79.630379 6.643364
79.630379 6.670418
79.630379 6.697456
79.630379 6.724495
79.630379 6.751541
79.630379 6.778587
79.630379 6.805618
79.630379 6.832657
79.630379 6.859688
79.630379 6.886719
79.630379 6.913757
79.630379 6.940788
79.630379 6.967812
79.630379 6.994843
79.630379 7.021873
79.630379 7.048897
79.630379 7.075912
79.630379 7.102936
79.630379 7.129959
79.630379 7.156975
79.630379 7.183998
79.630379 7.211006
79.630379 7.238014
79.630379 7.265030
79.630379 7.292038
79.630379 7.319054
79.630379 7.346046
79.630379 7.373055
79.657608 6.616318
79.657608 6.643364
79.657608 6.670418
79.657608 6.697456
79.657608 6.724495
79.657608 6.751541
79.657608 6.778587
79.657608 6.805618
79.657608 6.832657
79.657608 6.859688
79.657608 6.886719
79.657608 6.913757
79.657608 6.940788
79.657608 6.967812
79.657608 6.994843
79.657608 7.021873
79.657608 7.048897
79.657608 7.075912
79.657608 7.102936
79.657608 7.129959
79.657608 7.156975
79.657608 7.183998
79.657608 7.211006
79.657608 7.238014
79.657608 7.265030
79.657608 7.292038
79.657608 7.319054
79.657608 7.346046
79.657608 7.373055
79.684837 6.616318
79.684837 6.643364
79.684837 6.670418
79.684837 6.697456
79.684837 6.724495
79.684837 6.751541
79.684837 6.778587
79.684837 6.805618
79.684837 6.832657
79.684837 6.859688
79.684837 6.886719
79.684837 6.913757
79.684837 6.940788
79.684837 6.967812
79.684837 6.994843
79.684837 7.021873
79.684837 7.048897
79.684837 7.075912
79.684837 7.102936
79.684837 7.129959
79.684837 7.156975
79.684837 7.183998
79.684837 7.211006
79.684837 7.238014
79.684837 7.265030
79.684837 7.292038
79.684837 7.319054
79.684837 7.346046
79.684837 7.373055
79.712067 6.616318
79.712067 6.643364
79.712067 6.670418
79.712067 6.697456
79.712067 6.724495
79.712067 6.751541
79.712067 6.778587
79.712067 6.805618
79.712067 6.832657
79.712067 6.859688
79.712067 6.886719
79.712067 6.913757
79.712067 6.940788
79.712067 6.967812
79.712067 6.994843
79.712067 7.021873
79.712067 7.048897
79.712067 7.075912
79.712067 7.102936
79.712067 7.129959
79.712067 7.156975
79.712067 7.183998
79.712067 7.211006
79.712067 7.238014
79.712067 7.265030
79.712067 7.292038
79.712067 7.319054
79.712067 7.346046
79.712067 7.373055
79.739296 6.616318
79.739296 6.643364
79.739296 6.670418
79.739296 6.697456
79.739296 6.724495
79.739296 6.751541
79.739296 6.778587
79.739296 6.805618
79.739296 6.832657
79.739296 6.859688
79.739296 6.886719
79.739296 6.913757
79.739296 6.940788
79.739296 6.967812
79.739296 6.994843
79.739296 7.021873
79.739296 7.048897
79.739296 7.075912
79.739296 7.102936
79.739296 7.129959
79.739296 7.156975
79.739296 7.183998
79.739296 7.211006
79.739296 7.238014
79.739296 7.265030
79.739296 7.292038
79.739296 7.319054
79.739296 7.346046
79.739296 7.373055
79.766525 6.616318
79.766525 6.643364
79.766525 6.670418
79.766525 6.697456
79.766525 6.724495
79.766525 6.751541
79.766525 6.778587
79.766525 6.805618
79.766525 6.832657
79.766525 6.859688
79.766525 6.886719
79.766525 6.913757
79.766525 6.940788
79.766525 6.967812
79.766525 6.994843
79.766525 7.021873
79.766525 7.048897
79.766525 7.075912
79.766525 7.102936
79.766525 7.129959
79.766525 7.156975
79.766525 7.183998
79.766525 7.211006
79.766525 7.238014
79.766525 7.265030
79.766525 7.292038
79.766525 7.319054
79.766525 7.346046
79.766525 7.373055
79.793747 6.616318
79.793747 6.643364
79.793747 6.670418
79.793747 6.697456
79.793747 6.724495
79.793747 6.751541
79.793747 6.778587
79.793747 6.805618
79.793747 6.832657
79.793747 6.859688
79.793747 6.886719
79.793747 6.913757
79.793747 6.940788
79.793747 6.967812
79.793747 6.994843
79.793747 7.021873
79.793747 7.048897
79.793747 7.075912
79.793747 7.102936
79.793747 7.129959
79.793747 7.156975
79.793747 7.183998
79.793747 7.211006
79.793747 7.238014
79.793747 7.265030
79.793747 7.292038
79.793747 7.319054
79.793747 7.346046
79.793747 7.373055
79.820976 6.616318
79.820976 6.643364
79.820976 6.670418
79.820976 6.697456
79.820976 6.724495
79.820976 6.751541
79.820976 6.778587
79.820976 6.805618
79.820976 6.832657
79.820976 6.859688
79.820976 6.886719
79.820976 6.913757
79.820976 6.940788
79.820976 6.967812
79.820976 6.994843
79.820976 7.021873
79.820976 7.048897
79.820976 7.075912
79.820976 7.102936
79.820976 7.129959
79.820976 7.156975
79.820976 7.183998
79.820976 7.211006
79.820976 7.238014
79.820976 7.265030
79.820976 7.292038
79.820976 7.319054
79.820976 7.346046
79.820976 7.373055
79.848206 6.616318
79.848206 6.643364
79.848206 6.670418
79.848206 6.697456
79.848206 6.724495
79.848206 6.751541
79.848206 6.778587
79.848206 6.805618
79.848206 6.832657
79.848206 6.859688
79.848206 6.886719
79.848206 6.913757
79.848206 6.940788
79.848206 6.967812
79.848206 6.994843
79.848206 7.021873
79.848206 7.048897
79.848206 7.075912
79.848206 7.102936
79.848206 7.129959
79.848206 7.156975
79.848206 7.183998
79.848206 7.211006
79.848206 7.238014
79.848206 7.265030
79.848206 7.292038
79.848206 7.319054
79.848206 7.346046
79.848206 7.373055
79.875435 6.616318
79.875435 6.643364
79.875435 6.670418
79.875435 6.697456
79.875435 6.724495
79.875435 6.751541
79.875435 6.778587
79.875435 6.805618
79.875435 6.832657
79.875435 6.859688
79.875435 6.886719
79.875435 6.913757
79.875435 6.940788
79.875435 6.967812
79.875435 6.994843
79.875435 7.021873
79.875435 7.048897
79.875435 7.075912
79.875435 7.102936
79.875435 7.129959
79.875435 7.156975
79.875435 7.183998
79.875435 7.211006
79.875435 7.238014
79.875435 7.265030
79.875435 7.292038
79.875435 7.319054
79.875435 7.346046
79.875435 7.373055
79.902664 6.616318
79.902664 6.643364
79.902664 6.670418
79.902664 6.697456
79.902664 6.724495
79.902664 6.751541
79.902664 6.778587
79.902664 6.805618
79.902664 6.832657
79.902664 6.859688
79.902664 6.886719
79.902664 6.913757
79.902664 6.940788
79.902664 6.967812
79.902664 6.994843
79.902664 7.021873
79.902664 7.048897
79.902664 7.075912
79.902664 7.102936
79.902664 7.129959
79.902664 7.156975
79.902664 7.183998
79.902664 7.211006
79.902664 7.238014
79.902664 7.265030
79.902664 7.292038
79.902664 7.319054
79.902664 7.346046
79.902664 7.373055
79.929893 6.616318
79.929893 6.643364
79.929893 6.670418
79.929893 6.697456
79.929893 6.724495
79.929893 6.751541
79.929893 6.778587
79.929893 6.805618
79.929893 6.832657
79.929893 6.859688
79.929893 6.886719
79.929893 6.913757
79.929893 6.940788
79.929893 6.967812
79.929893 6.994843
79.929893 7.021873
79.929893 7.048897
79.929893 7.075912
79.929893 7.102936
79.929893 7.129959
79.929893 7.156975
79.929893 7.183998
79.929893 7.211006
79.929893 7.238014
79.929893 7.265030
79.929893 7.292038
79.929893 7.319054
79.929893 7.346046
79.929893 7.373055
79.957123 6.616318
79.957123 6.643364
79.957123 6.670418
79.957123 6.697456
79.957123 6.724495
79.957123 6.751541
79.957123 6.778587
79.957123 6.805618
79.957123 6.832657
79.957123 6.859688
79.957123 6.886719
79.957123 6.913757
79.957123 6.940788
79.957123 6.967812
79.957123 6.994843
79.957123 7.021873
79.957123 7.048897
79.957123 7.075912
79.957123 7.102936
79.957123 7.129959
79.957123 7.156975
79.957123 7.183998
79.957123 7.211006
79.957123 7.238014
79.957123 7.265030
79.957123 7.292038
79.957123 7.319054
79.957123 7.346046
79.957123 7.373055
79.984352 6.616318
79.984352 6.643364
79.984352 6.670418
79.984352 6.697456
79.984352 6.724495
79.984352 6.751541
79.984352 6.778587
79.984352 6.805618
79.984352 6.832657
79.984352 6.859688
79.984352 6.886719
79.984352 6.913757
79.984352 6.940788
79.984352 6.967812
79.984352 6.994843
79.984352 7.021873
79.984352 7.048897
79.984352 7.075912
79.984352 7.102936
79.984352 7.129959
79.984352 7.156975
79.984352 7.183998
79.984352 7.211006
79.984352 7.238014
79.984352 7.265030
79.984352 7.292038
79.984352 7.319054
79.984352 7.346046
79.984352 7.373055
80.011581 6.616318
80.011581 6.643364
80.011581 6.670418
80.011581 6.697456
80.011581 6.724495
80.011581 6.751541
80.011581 6.778587
80.011581 6.805618
80.011581 6.832657
80.011581 6.859688
80.011581 6.886719
80.011581 6.913757
80.011581 6.940788
80.011581 6.967812
80.011581 6.994843
80.011581 7.021873
80.011581 7.048897
80.011581 7.075912
80.011581 7.102936
80.011581 7.129959
80.011581 7.156975
80.011581 7.183998
80.011581 7.211006
80.011581 7.238014
80.011581 7.265030
80.011581 7.292038
80.011581 7.319054
80.011581 7.346046
80.011581 7.373055
80.038811 6.616318
80.038811 6.643364
80.038811 6.670418
80.038811 6.697456
80.038811 6.724495
80.038811 6.751541
80.038811 6.778587
80.038811 6.805618
80.038811 6.832657
80.038811 6.859688
80.038811 6.886719
80.038811 6.913757
80.038811 6.940788
80.038811 6.967812
80.038811 6.994843
80.038811 7.021873
80.038811 7.048897
80.038811 7.075912
80.038811 7.102936
80.038811 7.129959
80.038811 7.156975
80.038811 7.183998
80.038811 7.211006
80.038811 7.238014
80.038811 7.265030
80.038811 7.292038
80.038811 7.319054
80.038811 7.346046
80.038811 7.373055
80.066040 6.616318
80.066040 6.643364
80.066040 6.670418
80.066040 6.697456
80.066040 6.724495
80.066040 6.751541
80.066040 6.778587
80.066040 6.805618
80.066040 6.832657
80.066040 6.859688
80.066040 6.886719
80.066040 6.913757
80.066040 6.940788
80.066040 6.967812
80.066040 6.994843
80.066040 7.021873
80.066040 7.048897
80.066040 7.075912
80.066040 7.102936
80.066040 7.129959
80.066040 7.156975
80.066040 7.183998
80.066040 7.211006
80.066040 7.238014
80.066040 7.265030
80.066040 7.292038
80.066040 7.319054
80.066040 7.346046
80.066040 7.373055
80.093269 6.616318
80.093269 6.643364
80.093269 6.670418
80.093269 6.697456
80.093269 6.724495
80.093269 6.751541
80.093269 6.778587
80.093269 6.805618
80.093269 6.832657
80.093269 6.859688
80.093269 6.886719
80.093269 6.913757
80.093269 6.940788
80.093269 6.967812
80.093269 6.994843
80.093269 7.021873
80.093269 7.048897
80.093269 7.075912
80.093269 7.102936
80.093269 7.129959
80.093269 7.156975
80.093269 7.183998
80.093269 7.211006
80.093269 7.238014
80.093269 7.265030
80.093269 7.292038
80.093269 7.319054
80.093269 7.346046
80.093269 7.373055
80.120499 6.616318
80.120499 6.643364
80.120499 6.670418
80.120499 6.697456
80.120499 6.724495
80.120499 6.751541
80.120499 6.778587
80.120499 6.805618
80.120499 6.832657
80.120499 6.859688
80.120499 6.886719
80.120499 6.913757
80.120499 6.940788
80.120499 6.967812
80.120499 6.994843
80.120499 7.021873
80.120499 7.048897
80.120499 7.075912
80.120499 7.102936
80.120499 7.129959
80.120499 7.156975
80.120499 7.183998
80.120499 7.211006
80.120499 7.238014
80.120499 7.265030
80.120499 7.292038
80.120499 7.319054
80.120499 7.346046
80.120499 7.373055
80.147728 6.616318
80.147728 6.643364
80.147728 6.670418
80.147728 6.697456
80.147728 6.724495
80.147728 6.751541
80.147728 6.778587
80.147728 6.805618
80.147728 6.832657
80.147728 6.859688
80.147728 6.886719
80.147728 6.913757
80.147728 6.940788
80.147728 6.967812
80.147728 6.994843
80.147728 7.021873
80.147728 7.048897
80.147728 7.075912
80.147728 7.102936
80.147728 7.129959
80.147728 7.156975
80.147728 7.183998
80.147728 7.211006
80.147728 7.238014
80.147728 7.265030
80.147728 7.292038
80.147728 7.319054
80.147728 7.346046
80.147728 7.373055
80.174957 6.616318
80.174957 6.643364
80.174957 6.670418
80.174957 6.697456
80.174957 6.724495
80.174957 6.751541
80.174957 6.778587
80.174957 6.805618
80.174957 6.832657
80.174957 6.859688
80.174957 6.886719
80.174957 6.913757
80.174957 6.940788
80.174957 6.967812
80.174957 6.994843
80.174957 7.021873
80.174957 7.048897
80.174957 7.075912
80.174957 7.102936
80.174957 7.129959
80.174957 7.156975
80.174957 7.183998
80.174957 7.211006
80.174957 7.238014
80.174957 7.265030
80.174957 7.292038
80.174957 7.319054
80.174957 7.346046
80.174957 7.373055
80.202187 6.616318
80.202187 6.643364
80.202187 6.670418
80.202187 6.697456
80.202187 6.724495
80.202187 6.751541
80.202187 6.778587
80.202187 6.805618
80.202187 6.832657
80.202187 6.859688
80.202187 6.886719
80.202187 6.913757
80.202187 6.940788
80.202187 6.967812
80.202187 6.994843
80.202187 7.021873
80.202187 7.048897
80.202187 7.075912
80.202187 7.102936
80.202187 7.129959
80.202187 7.156975
80.202187 7.183998
80.202187 7.211006
80.202187 7.238014
80.202187 7.265030
80.202187 7.292038
80.202187 7.319054
80.202187 7.346046
80.202187 7.373055
80.229416 6.616318
80.229416 6.643364
80.229416 6.670418
80.229416 6.697456
80.229416 6.724495
80.229416 6.751541
80.229416 6.778587
80.229416 6.805618
80.229416 6.832657
80.229416 6.859688
80.229416 6.886719
80.229416 6.913757
80.229416 6.940788
80.229416 6.967812
80.229416 6.994843
80.229416 7.021873
80.229416 7.048897
80.229416 7.075912
80.229416 7.102936
80.229416 7.129959
80.229416 7.156975
80.229416 7.183998
80.229416 7.211006
80.229416 7.238014
80.229416 7.265030
80.229416 7.292038
80.229416 7.319054
80.229416 7.346046
80.229416 7.373055
80.256645 6.616318
80.256645 6.643364
80.256645 6.670418
80.256645 6.697456
80.256645 6.724495
80.256645 6.751541
80.256645 6.778587
80.256645 6.805618
80.256645 6.832657
80.256645 6.859688
80.256645 6.886719
80.256645 6.913757
80.256645 6.940788
80.256645 6.967812
80.256645 6.994843
80.256645 7.021873
80.256645 7.048897
80.256645 7.075912
80.256645 7.102936
80.256645 7.129959
80.256645 7.156975
80.256645 7.183998
80.256645 7.211006
80.256645 7.238014
80.256645 7.265030
80.256645 7.292038
80.256645 7.319054
80.256645 7.346046
80.256645 7.373055
80.283875 6.616318
80.283875 6.643364
80.283875 6.670418
80.283875 6.697456
80.283875 6.724495
80.283875 6.751541
80.283875 6.778587
80.283875 6.805618
80.283875 6.832657
80.283875 6.859688
80.283875 6.886719
80.283875 6.913757
80.283875 6.940788
80.283875 6.967812
80.283875 6.994843
80.283875 7.021873
80.283875 7.048897
80.283875 7.075912
80.283875 7.102936
80.283875 7.129959
80.283875 7.156975
80.283875 7.183998
80.283875 7.211006
80.283875 7.238014
80.283875 7.265030
80.283875 7.292038
80.283875 7.319054
80.283875 7.346046
80.283875 7.373055
80.311104 6.616318
80.311104 6.643364
80.311104 6.670418
80.311104 6.697456
80.311104 6.724495
80.311104 6.751541
80.311104 6.778587
80.311104 6.805618
80.311104 6.832657
80.311104 6.859688
80.311104 6.886719
80.311104 6.913757
80.311104 6.940788
80.311104 6.967812
80.311104 6.994843
80.311104 7.021873
80.311104 7.048897
80.311104 7.075912
80.311104 7.102936
80.311104 7.129959
80.311104 7.156975
80.311104 7.183998
80.311104 7.211006
80.311104 7.238014
80.311104 7.265030
80.311104 7.292038
80.311104 7.319054
80.311104 7.346046
80.311104 7.373055
80.338333 6.616318
80.338333 6.643364
80.338333 6.670418
80.338333 6.697456
80.338333 6.724495
80.338333 6.751541
80.338333 6.778587
80.338333 6.805618
80.338333 6.832657
80.338333 6.859688
80.338333 6.886719
80.338333 6.913757
80.338333 6.940788
80.338333 6.967812
80.338333 6.994843
80.338333 7.021873
80.338333 7.048897
80.338333 7.075912
80.338333 7.102936
80.338333 7.129959
80.338333 7.156975
80.338333 7.183998
80.338333 7.211006
80.338333 7.238014
80.338333 7.265030
80.338333 7.292038
80.338333 7.319054
80.338333 7.346046
80.338333 7.373055
80.365562 6.616318
80.365562 6.643364
80.365562 6.670418
80.365562 6.697456
80.365562 6.724495
80.365562 6.751541
80.365562 6.778587
80.365562 6.805618
80.365562 6.832657
80.365562 6.859688
80.365562 6.886719
80.365562 6.913757
80.365562 6.940788
80.365562 6.967812
80.365562 6.994843
80.365562 7.021873
80.365562 7.048897
80.365562 7.075912
80.365562 7.102936
80.365562 7.129959
80.365562 7.156975
80.365562 7.183998
80.365562 7.211006
80.365562 7.238014
80.365562 7.265030
80.365562 7.292038
80.365562 7.319054
80.365562 7.346046
80.365562 7.373055
80.392792 6.616318
80.392792 6.643364
80.392792 6.670418
80.392792 6.697456
80.392792 6.724495
80.392792 6.751541
80.392792 6.778587
80.392792 6.805618
80.392792 6.832657
80.392792 6.859688
80.392792 6.886719
80.392792 6.913757
80.392792 6.940788
80.392792 6.967812
80.392792 6.994843
80.392792 7.021873
80.392792 7.048897
80.392792 7.075912
80.392792 7.102936
80.392792 7.129959
80.392792 7.156975
80.392792 7.183998
80.392792 7.211006
80.392792 7.238014
80.392792 7.265030
80.392792 7.292038
80.392792 7.319054
80.392792 7.346046
80.392792 7.373055
80.420021 6.616318
80.420021 6.643364
80.420021 6.670418
80.420021 6.697456
80.420021 6.724495
80.420021 6.751541
80.420021 6.778587
80.420021 6.805618
80.420021 6.832657
80.420021 6.859688
80.420021 6.886719
80.420021 6.913757
80.420021 6.940788
80.420021 6.967812
80.420021 6.994843
80.420021 7.021873
80.420021 7.048897
80.420021 7.075912
80.420021 7.102936
80.420021 7.129959
80.420021 7.156975
80.420021 7.183998
80.420021 7.211006
80.420021 7.238014
80.420021 7.265030
80.420021 7.292038
80.420021 7.319054
80.420021 7.346046
80.420021 7.373055
80.447250 6.616318
80.447250 6.643364
80.447250 6.670418
80.447250 6.697456
80.447250 6.724495
80.447250 6.751541
80.447250 6.778587
80.447250 6.805618
80.447250 6.832657
80.447250 6.859688
80.447250 6.886719
80.447250 6.913757
80.447250 6.940788
80.447250 6.967812
80.447250 6.994843
80.447250 7.021873
80.447250 7.048897
80.447250 7.075912
80.447250 7.102936
80.447250 7.129959
80.447250 7.156975
80.447250 7.183998
80.447250 7.211006
80.447250 7.238014
80.447250 7.265030
80.447250 7.292038
80.447250 7.319054
80.447250 7.346046
80.447250 7.373055
80.474480 6.616318
80.474480 6.643364
80.474480 6.670418
80.474480 6.697456
80.474480 6.724495
80.474480 6.751541
80.474480 6.778587
80.474480 6.805618
80.474480 6.832657
80.474480 6.859688
80.474480 6.886719
80.474480 6.913757
80.474480 6.940788
80.474480 6.967812
80.474480 6.994843
80.474480 7.021873
80.474480 7.048897
80.474480 7.075912
80.474480 7.102936
80.474480 7.129959
80.474480 7.156975
80.474480 7.183998
80.474480 7.211006
80.474480 7.238014
80.474480 7.265030
80.474480 7.292038
80.474480 7.319054
80.474480 7.346046
80.474480 7.373055
80.501709 6.616318
80.501709 6.643364
80.501709 6.670418
80.501709 6.697456
80.501709 6.724495
80.501709 6.751541
80.501709 6.778587
80.501709 6.805618
80.501709 6.832657
80.501709 6.859688
80.501709 6.886719
80.501709 6.913757
80.501709 6.940788
80.501709 6.967812
80.501709 6.994843
80.501709 7.021873
80.501709 7.048897
80.501709 7.075912
80.501709 7.102936
80.501709 7.129959
80.501709 7.156975
80.501709 7.183998
80.501709 7.211006
80.501709 7.238014
80.501709 7.265030
80.501709 7.292038
80.501709 7.319054
80.501709 7.346046
80.501709 7.373055
80.528938 6.616318
80.528938 6.643364
80.528938 6.670418
80.528938 6.697456
80.528938 6.724495
80.528938 6.751541
80.528938 6.778587
80.528938 6.805618
80.528938 6.832657
80.528938 6.859688
80.528938 6.886719
80.528938 6.913757
80.528938 6.940788
80.528938 6.967812
80.528938 6.994843
80.528938 7.021873
80.528938 7.048897
80.528938 7.075912
80.528938 7.102936
80.528938 7.129959
80.528938 7.156975
80.528938 7.183998
80.528938 7.211006
80.528938 7.238014
80.528938 7.265030
80.528938 7.292038
80.528938 7.319054
80.528938 7.346046
80.528938 7.373055
80.556168 6.616318
80.556168 6.643364
80.556168 6.670418
80.556168 6.697456
80.556168 6.724495
80.556168 6.751541
80.556168 6.778587
80.556168 6.805618
80.556168 6.832657
80.556168 6.859688
80.556168 6.886719
80.556168 6.913757
80.556168 6.940788
80.556168 6.967812
80.556168 6.994843
80.556168 7.021873
80.556168 7.048897
80.556168 7.075912
80.556168 7.102936
80.556168 7.129959
80.556168 7.156975
80.556168 7.183998
80.556168 7.211006
80.556168 7.238014
80.556168 7.265030
80.556168 7.292038
80.556168 7.319054
80.556168 7.346046
80.556168 7.373055
80.583397 6.616318
80.583397 6.643364
80.583397 6.670418
80.583397 6.697456
80.583397 6.724495
80.583397 6.751541
80.583397 6.778587
80.583397 6.805618
80.583397 6.832657
80.583397 6.859688
80.583397 6.886719
80.583397 6.913757
80.583397 6.940788
80.583397 6.967812
80.583397 6.994843
80.583397 7.021873
80.583397 7.048897
80.583397 7.075912
80.583397 7.102936
80.583397 7.129959
80.583397 7.156975
80.583397 7.183998
80.583397 7.211006
80.583397 7.238014
80.583397 7.265030
80.583397 7.292038
80.583397 7.319054
80.583397 7.346046
80.583397 7.373055
80.610626 6.616318
80.610626 6.643364
80.610626 6.670418
80.610626 6.697456
80.610626 6.724495
80.610626 6.751541
80.610626 6.778587
80.610626 6.805618
80.610626 6.832657
80.610626 6.859688
80.610626 6.886719
80.610626 6.913757
80.610626 6.940788
80.610626 6.967812
80.610626 6.994843
80.610626 7.021873
80.610626 7.048897
80.610626 7.075912
80.610626 7.102936
80.610626 7.129959
80.610626 7.156975
80.610626 7.183998
80.610626 7.211006
80.610626 7.238014
80.610626 7.265030
80.610626 7.292038
80.610626 7.319054
80.610626 7.346046
80.610626 7.373055
80.637856 6.616318
80.637856 6.643364
80.637856 6.670418
80.637856 6.697456
80.637856 6.724495
80.637856 6.751541
80.637856 6.778587
80.637856 6.805618
80.637856 6.832657
80.637856 6.859688
80.637856 6.886719
80.637856 6.913757
80.637856 6.940788
80.637856 6.967812
80.637856 6.994843
80.637856 7.021873
80.637856 7.048897
80.637856 7.075912
80.637856 7.102936
80.637856 7.129959
80.637856 7.156975
80.637856 7.183998
80.637856 7.211006
80.637856 7.238014
80.637856 7.265030
80.637856 7.292038
80.637856 7.319054
80.637856 7.346046
80.637856 7.373055
80.665085 6.616318
80.665085 6.643364
80.665085 6.670418
80.665085 6.697456
80.665085 6.724495
80.665085 6.751541
80.665085 6.778587
80.665085 6.805618
80.665085 6.832657
80.665085 6.859688
80.665085 6.886719
80.665085 6.913757
80.665085 6.940788
80.665085 6.967812
80.665085 6.994843
80.665085 7.021873
80.665085 7.048897
80.665085 7.075912
80.665085 7.102936
80.665085 7.129959
80.665085 7.156975
80.665085 7.183998
80.665085 7.211006
80.665085 7.238014
80.665085 7.265030
80.665085 7.292038
80.665085 7.319054
80.665085 7.346046
80.665085 7.373055
80.692314 6.616318
80.692314 6.643364
80.692314 6.670418
80.692314 6.697456
80.692314 6.724495
80.692314 6.751541
80.692314 6.778587
80.692314 6.805618
80.692314 6.832657
80.692314 6.859688
80.692314 6.886719
80.692314 6.913757
80.692314 6.940788
80.692314 6.967812
80.692314 6.994843
80.692314 7.021873
80.692314 7.048897
80.692314 7.075912
80.692314 7.102936
80.692314 7.129959
80.692314 7.156975
80.692314 7.183998
80.692314 7.211006
80.692314 7.238014
80.692314 7.265030
80.692314 7.292038
80.692314 7.319054
80.692314 7.346046
80.692314 7.373055
80.719543 6.616318
80.719543 6.643364
80.719543 6.670418
80.719543 6.697456
80.719543 6.724495
80.719543 6.751541
80.719543 6.778587
80.719543 6.805618
80.719543 6.832657
80.719543 6.859688
80.719543 6.886719
80.719543 6.913757
80.719543 6.940788
80.719543 6.967812
80.719543 6.994843
80.719543 7.021873
80.719543 7.048897
80.719543 7.075912
80.719543 7.102936
80.719543 7.129959
80.719543 7.156975
80.719543 7.183998
80.719543 7.211006
80.719543 7.238014
80.719543 7.265030
80.719543 7.292038
80.719543 7.319054
80.719543 7.346046
80.719543 7.373055
80.746773 6.616318
80.746773 6.643364
80.746773 6.670418
80.746773 6.697456
80.746773 6.724495
80.746773 6.751541
80.746773 6.778587
80.746773 6.805618
80.746773 6.832657
80.746773 6.859688
80.746773 6.886719
80.746773 6.913757
80.746773 6.940788
80.746773 6.967812
80.746773 6.994843
80.746773 7.021873
80.746773 7.048897
80.746773 7.075912
80.746773 7.102936
80.746773 7.129959
80.746773 7.156975
80.746773 7.183998
80.746773 7.211006
80.746773 7.238014
80.746773 7.265030
80.746773 7.292038
80.746773 7.319054
80.746773 7.346046
80.746773 7.373055
80.774002 6.616318
80.774002 6.643364
80.774002 6.670418
80.774002 6.697456
80.774002 6.724495
80.774002 6.751541
80.774002 6.778587
80.774002 6.805618
80.774002 6.832657
80.774002 6.859688
80.774002 6.886719
80.774002 6.913757
80.774002 6.940788
80.774002 6.967812
80.774002 6.994843
80.774002 7.021873
80.774002 7.048897
80.774002 7.075912
80.774002 7.102936
80.774002 7.129959
80.774002 7.156975
80.774002 7.183998
80.774002 7.211006
80.774002 7.238014
80.774002 7.265030
80.774002 7.292038
80.774002 7.319054
80.774002 7.346046
80.774002 7.373055
80.801231 6.616318
80.801231 6.643364
80.801231 6.670418
80.801231 6.697456
80.801231 6.724495
80.801231 6.751541
80.801231 6.778587
80.801231 6.805618
80.801231 6.832657
80.801231 6.859688
80.801231 6.886719
80.801231 6.913757
80.801231 6.940788
80.801231 6.967812
80.801231 6.994843
80.801231 7.021873
80.801231 7.048897
80.801231 7.075912
80.801231 7.102936
80.801231 7.129959
80.801231 7.156975
80.801231 7.183998
80.801231 7.211006
80.801231 7.238014
80.801231 7.265030
80.801231 7.292038
80.801231 7.319054
80.801231 7.346046
80.801231 7.373055
80.828461 6.616318
80.828461 6.643364
80.828461 6.670418
80.828461 6.697456
80.828461 6.724495
80.828461 6.751541
80.828461 6.778587
80.828461 6.805618
80.828461 6.832657
80.828461 6.859688
80.828461 6.886719
80.828461 6.913757
80.828461 6.940788
80.828461 6.967812
80.828461 6.994843
80.828461 7.021873
80.828461 7.048897
80.828461 7.075912
80.828461 7.102936
80.828461 7.129959
80.828461 7.156975
80.828461 7.183998
80.828461 7.211006
80.828461 7.238014
80.828461 7.265030
80.828461 7.292038
80.828461 7.319054
80.828461 7.346046
80.828461 7.373055
80.855690 6.616318
80.855690 6.643364
80.855690 6.670418
80.855690 6.697456
80.855690 6.724495
80.855690 6.751541
80.855690 6.778587
80.855690 6.805618
80.855690 6.832657
80.855690 6.859688
80.855690 6.886719
80.855690 6.913757
80.855690 6.940788
80.855690 6.967812
80.855690 6.994843
80.855690 7.021873
80.855690 7.048897
80.855690 7.075912
80.855690 7.102936
80.855690 7.129959
80.855690 7.156975
80.855690 7.183998
80.855690 7.211006
80.855690 7.238014
80.855690 7.265030
80.855690 7.292038
80.855690 7.319054
80.855690 7.346046
80.855690 7.373055
80.882919 6.616318
80.882919 6.643364
80.882919 6.670418
80.882919 6.697456
80.882919 6.724495
80.882919 6.751541
80.882919 6.778587
80.882919 6.805618
80.882919 6.832657
80.882919 6.859688
80.882919 6.886719
80.882919 6.913757
80.882919 6.940788
80.882919 6.967812
80.882919 6.994843
80.882919 7.021873
80.882919 7.048897
80.882919 7.075912
80.882919 7.102936
80.882919 7.129959
80.882919 7.156975
80.882919 7.183998
80.882919 7.211006
80.882919 7.238014
80.882919 7.265030
80.882919 7.292038
80.882919 7.319054
80.882919 7.346046
80.882919 7.373055
80.910149 6.616318
80.910149 6.643364
80.910149 6.670418
80.910149 6.697456
80.910149 6.724495
80.910149 6.751541
80.910149 6.778587
80.910149 6.805618
80.910149 6.832657
80.910149 6.859688
80.910149 6.886719
80.910149 6.913757
80.910149 6.940788
80.910149 6.967812
80.910149 6.994843
80.910149 7.021873
80.910149 7.048897
80.910149 7.075912
80.910149 7.102936
80.910149 7.129959
80.910149 7.156975
80.910149 7.183998
80.910149 7.211006
80.910149 7.238014
80.910149 7.265030
80.910149 7.292038
80.910149 7.319054
80.910149 7.346046
80.910149 7.373055
80.937378 6.616318
80.937378 6.643364
80.937378 6.670418
80.937378 6.697456
80.937378 6.724495
80.937378 6.751541
80.937378 6.778587
80.937378 6.805618
80.937378 6.832657
80.937378 6.859688
80.937378 6.886719
80.937378 6.913757
80.937378 6.940788
80.937378 6.967812
80.937378 6.994843
80.937378 7.021873
80.937378 7.048897
80.937378 7.075912
80.937378 7.102936
80.937378 7.129959
80.937378 7.156975
80.937378 7.183998
80.937378 7.211006
80.937378 7.238014
80.937378 7.265030
80.937378 7.292038
80.937378 7.319054
80.937378 7.346046
80.937378 7.373055
80.964607 6.616318
80.964607 6.643364
80.964607 6.670418
80.964607 6.697456
80.964607 6.724495
80.964607 6.751541
80.964607 6.778587
80.964607 6.805618
80.964607 6.832657
80.964607 6.859688
80.964607 6.886719
80.964607 6.913757
80.964607 6.940788
80.964607 6.967812
80.964607 6.994843
80.964607 7.021873
80.964607 7.048897
80.964607 7.075912
80.964607 7.102936
80.964607 7.129959
80.964607 7.156975
80.964607 7.183998
80.964607 7.211006
80.964607 7.238014
80.964607 7.265030
80.964607 7.292038
80.964607 7.319054
80.964607 7.346046
80.964607 7.373055
80.991837 6.616318
80.991837 6.643364
80.991837 6.670418
80.991837 6.697456
80.991837 6.724495
80.991837 6.751541
80.991837 6.778587
80.991837 6.805618
80.991837 6.832657
80.991837 6.859688
80.991837 6.886719
80.991837 6.913757
80.991837 6.940788
80.991837 6.967812
80.991837 6.994843
80.991837 7.021873
80.991837 7.048897
80.991837 7.075912
80.991837 7.102936
80.991837 7.129959
80.991837 7.156975
80.991837 7.183998
80.991837 7.211006
80.991837 7.238014
80.991837 7.265030
80.991837 7.292038
80.991837 7.319054
80.991837 7.346046
80.991837 7.373055