0.0000
0.0833
0.1667
0.2500
0.3333
0.4167
0.5000
0.5833
0.6667
0.7500
0.8333
0.9167
1.0000
1.0833
1.1667
1.2500
1.3333
1.4167
1.5000
1.5833
1.6667
1.7500
1.8333
1.9167
2.0000
2.0833
2.1667
2.2500
2.3333
2.4167
2.5000
2.5833
2.6667
2.7500
2.8333
2.9167
3.0000
3.0833
3.1667
3.2500
3.3333
3.4167
3.5000
3.5833
3.6667
3.7500
3.8333
3.9167
4.0000
4.0833
4.1667
4.2500
4.3333
4.4167
4.5000
4.5833
4.6667
4.7500
4.8333
4.9167
5.0000
5.0833
5.1667
5.2500
5.3333
5.4167
5.5000
5.5833
5.6667
5.7500
5.8333
5.9167
6.0000
6.0833
6.1667
6.2500
6.3333
6.4167
6.5000
6.5833
6.6667
6.7500
6.8333
6.9167
7.0000
7.0833
7.1667
7.2500
7.3333
7.4167
7.5000
7.5833
7.6667
7.7500
7.8333
7.9167
8.0000
8.0833
8.1667
8.2500
8.3333
8.4167
8.5000
8.5833
8.6667
8.7500
8.8333
8.9167
9.0000
9.0833
9.1667
9.2500
9.3333
9.4167
9.5000
9.5833
9.6667
9.7500
9.8333
9.9167
10.0000
10.0833
10.1667
10.2500
10.3333
10.4167
10.5000
10.5833
10.6667
10.7500
10.8333
10.9167
11.0000
11.0833
11.1667
11.2500
11.3333
11.4167
11.5000
11.5833
11.6667
11.7500
11.8333
11.9167
12.0000
12.0833
12.1667
12.2500
12.3333
12.4167
12.5000
12.5833
12.6667
12.7500
12.8333
12.9167
13.0000
13.0833
13.1667
13.2500
13.3333
13.4167
13.5000
13.5833
13.6667
13.7500
13.8333
13.9167
14.0000
14.0833
14.1667
14.2500
14.3333
14.4167
14.5000
14.5833
14.6667
14.7500
14.8333
14.9167
15.0000
15.0833
15.1667
15.2500
15.3333
15.4167
15.5000
15.5833
15.6667
15.7500
15.8333
15.9167
16.0000
16.0833
16.1667
16.2500
16.3333
16.4167
16.5000
16.5833
16.6667
16.7500
16.8333
16.9167
17.0000
17.0833
17.1667
17.2500
17.3333
17.4167
17.5000
17.5833
17.6667
17.7500
17.8333
17.9167
18.0000
18.0833
18.1667
18.2500
18.3333
18.4167
18.5000
18.5833
18.6667
18.7500
18.8333
18.9167
19.0000
19.0833
19.1667
19.2500
19.3333
19.4167
19.5000
19.5833
19.6667
19.7500
19.8333
19.9167
20.0000
20.0833
20.1667
20.2500
20.3333
20.4167
20.5000
20.5833
20.6667
20.7500
20.8333
20.9167
21.0000
21.0833
21.1667
21.2500
21.3333
21.4167
21.5000
21.5833
21.6667
21.7500
21.8333
21.9167
22.0000
22.0833
22.1667
22.2500
22.3333
22.4167
22.5000
22.5833
22.6667
22.7500
22.8333
22.9167
23.0000
23.0833
23.1667
23.2500
23.3333
23.4167
23.5000
23.5833
23.6667
23.7500
23.8333
23.9167
24.0000
24.0833
24.1667
24.2500
24.3333
24.4167
24.5000
24.5833
24.6667
24.7500
24.8333
24.9167
25.0000
25.0833
25.1667
25.2500
25.3333
25.4167
25.5000
25.5833
25.6667
25.7500
25.8333
25.9167
26.0000
26.0833
26.1667
26.2500
26.3333
26.4167
26.5000
26.5833
26.6667
26.7500
26.8333
26.9167
27.0000
27.0833
27.1667
27.2500
27.3333
27.4167
27.5000
27.5833
27.6667
27.7500
27.8333
27.9167
28.0000
28.0833
28.1667
28.2500
28.3333
28.4167
28.5000
28.5833
28.6667
28.7500
28.8333
28.9167
29.0000
29.0833
29.1667
29.2500
29.3333
29.4167
29.5000
29.5833
29.6667
29.7500
29.8333
29.9167
30.0000
30.0833
30.1667
30.2500
30.3333
30.4167
30.5000
30.5833
30.6667
30.7500
30.8333
30.9167
31.0000
31.0833
31.1667
31.2500
31.3333
31.4167
31.5000
31.5833
31.6667
31.7500
31.8333
31.9167
32.0000
32.0833
32.1667
32.2500
32.3333
32.4167
32.5000
32.5833
32.6667
32.7500
32.8333
32.9167
33.0000
33.0833
33.1667
33.2500
33.3333
33.4167
33.5000
33.5833
33.6667
33.7500
33.8333
33.9167
34.0000
34.0833
34.1667
34.2500
34.3333
34.4167
34.5000
34.5833
34.6667
34.7500
34.8333
34.9167
35.0000
35.0833
35.1667
35.2500
35.3333
35.4167
35.5000
35.5833
35.6667
35.7500
35.8333
35.9167
36.0000
36.0833
36.1667
36.2500
36.3333
36.4167
36.5000
36.5833
36.6667
36.7500
36.8333
36.9167
37.0000
37.0833
37.1667
37.2500
37.3333
37.4167
37.5000
37.5833
37.6667
37.7500
37.8333
37.9167
38.0000
38.0833
38.1667
38.2500
38.3333
38.4167
38.5000
38.5833
38.6667
38.7500
38.8333
38.9167
39.0000
39.0833
39.1667
39.2500
39.3333
39.4167
39.5000
39.5833
39.6667
39.7500
39.8333
39.9167
40.0000
40.0833
40.1667
40.2500
40.3333
40.4167
40.5000
40.5833
40.6667
40.7500
40.8333
40.9167
41.0000
41.0833
41.1667
41.2500
41.3333
41.4167
41.5000
41.5833
41.6667
41.7500
41.8333
41.9167
42.0000
42.0833
42.1667
42.2500
42.3333
42.4167
42.5000
42.5833
42.6667
42.7500
42.8333
42.9167
43.0000
43.0833
43.1667
43.2500
43.3333
43.4167
43.5000
43.5833
43.6667
43.7500
43.8333
43.9167
44.0000
44.0833
44.1667
44.2500
44.3333
44.4167
44.5000
44.5833
44.6667
44.7500
44.8333
44.9167
45.0000
45.0833
45.1667
45.2500
45.3333
45.4167
45.5000
45.5833
45.6667
45.7500
45.8333
45.9167
46.0000
46.0833
46.1667
46.2500
46.3333
46.4167
46.5000
46.5833
46.6667
46.7500
46.8333
46.9167
47.0000
47.0833
47.1667
47.2500
47.3333
47.4167
47.5000
47.5833
47.6667
47.7500
47.8333
47.9167
48.0000
48.0833
48.1667
48.2500
48.3333
48.4167
48.5000
48.5833
48.6667
48.7500
48.8333
48.9167
49.0000
49.0833
49.1667
49.2500
49.3333
49.4167
49.5000
49.5833
49.6667
49.7500
49.8333
49.9167
50.0000
50.0833
50.1667
50.2500
50.3333
50.4167
50.5000
50.5833
50.6667
50.7500
50.8333
50.9167
51.0000
51.0833
51.1667
51.2500
51.3333
51.4167
51.5000
51.5833
51.6667
51.7500
51.8333
51.9167
52.0000
52.0833
52.1667
52.2500
52.3333
52.4167
52.5000
52.5833
52.6667
52.7500
52.8333
52.9167
53.0000
53.0833
53.1667
53.2500
53.3333
53.4167
53.5000
53.5833
53.6667
53.7500
53.8333
53.9167
54.0000
54.0833
54.1667
54.2500
54.3333
54.4167
54.5000
54.5833
54.6667
54.7500
54.8333
54.9167
55.0000
55.0833
55.1667
55.2500
55.3333
55.4167
55.5000
55.5833
55.6667
55.7500
55.8333
55.9167
56.0000
56.0833
56.1667
56.2500
56.3333
56.4167
56.5000
56.5833
56.6667
56.7500
56.8333
56.9167
57.0000
57.0833
57.1667
57.2500
57.3333
57.4167
57.5000
57.5833
57.6667
57.7500
57.8333
57.9167
58.0000
58.0833
58.1667
58.2500
58.3333
58.4167
58.5000
58.5833
58.6667
58.7500
58.8333
58.9167
59.0000
59.0833
59.1667
59.2500
59.3333
59.4167
59.5000
59.5833
59.6667
59.7500
59.8333
59.9167
60.0000
60.0833
60.1667
60.2500
60.3333
60.4167
60.5000
60.5833
60.6667
60.7500
60.8333
60.9167
61.0000
61.0833
61.1667
61.2500
61.3333
61.4167
61.5000
61.5833
61.6667
61.7500
61.8333
61.9167
62.0000
62.0833
62.1667
62.2500
62.3333
62.4167
62.5000
62.5833
62.6667
62.7500
62.8333
62.9167
63.0000
63.0833
63.1667
63.2500
63.3333
63.4167
63.5000
63.5833
63.6667
63.7500
63.8333
63.9167
64.0000
64.0833
64.1667
64.2500
64.3333
64.4167
64.5000
64.5833
64.6667
64.7500
64.8333
64.9167
65.0000
65.0833
65.1667
65.2500
65.3333
65.4167
65.5000
65.5833
65.6667
65.7500
65.8333
65.9167
66.0000
66.0833
66.1667
66.2500
66.3333
66.4167
66.5000
66.5833
66.6667
66.7500
66.8333
66.9167
67.0000
67.0833
67.1667
67.2500
67.3333
67.4167
67.5000
67.5833
67.6667
67.7500
67.8333
67.9167
68.0000
68.0833
68.1667
68.2500
68.3333
68.4167
68.5000
68.5833
68.6667
68.7500
68.8333
68.9167
69.0000
69.0833
69.1667
69.2500
69.3333
69.4167
69.5000
69.5833
69.6667
69.7500
69.8333
69.9167
70.0000
70.0833
70.1667
70.2500
70.3333
70.4167
70.5000
70.5833
70.6667
70.7500
70.8333
70.9167
71.0000
71.0833
71.1667
71.2500
71.3333
71.4167
71.5000
71.5833
71.6667
71.7500
71.8333
71.9167
72.0000
72.0833
72.1667
72.2500
72.3333
72.4167
72.5000
72.5833
72.6667
72.7500
72.8333
72.9167
73.0000
73.0833
73.1667
73.2500
73.3333
73.4167
73.5000
73.5833
73.6667
73.7500
73.8333
73.9167
74.0000
74.0833
74.1667
74.2500
74.3333
74.4167
74.5000
74.5833
74.6667
74.7500
74.8333
74.9167
75.0000
75.0833
75.1667
75.2500
75.3333
75.4167
75.5000
75.5833
75.6667
75.7500
75.8333
75.9167
76.0000
76.0833
76.1667
76.2500
76.3333
76.4167
76.5000
76.5833
76.6667
76.7500
76.8333
76.9167
77.0000
77.0833
77.1667
77.2500
77.3333
77.4167
77.5000
77.5833
77.6667
77.7500
77.8333
77.9167
78.0000
78.0833
78.1667
78.2500
78.3333
78.4167
78.5000
78.5833
78.6667
78.7500
78.8333
78.9167
79.0000
79.0833
79.1667
79.2500
79.3333
79.4167
79.5000
79.5833
79.6667
79.7500
79.8333
79.9167
80.0000
80.0833
80.1667
80.2500
80.3333
80.4167
80.5000
80.5833
80.6667
80.7500
80.8333
80.9167
81.0000
81.0833
81.1667
81.2500
81.3333
81.4167
81.5000
81.5833
81.6667
81.7500
81.8333
81.9167
82.0000
82.0833
82.1667
82.2500
82.3333
82.4167
82.5000
82.5833
82.6667
82.7500
82.8333
82.9167
83.0000
83.0833
83.1667
83.2500
83.3333
83.4167
83.5000
83.5833
83.6667
83.7500
83.8333
83.9167
84.0000
84.0833
84.1667
84.2500
84.3333
84.4167
84.5000
84.5833
84.6667
84.7500
84.8333
84.9167
85.0000
85.0833
85.1667
85.2500
85.3333
85.4167
85.5000
85.5833
85.6667
85.7500
85.8333
85.9167
86.0000
86.0833
86.1667
86.2500
86.3333
86.4167
86.5000
86.5833
86.6667
86.7500
86.8333
86.9167
87.0000
87.0833
87.1667
87.2500
87.3333
87.4167
87.5000
87.5833
87.6667
87.7500
87.8333
87.9167
88.0000
88.0833
88.1667
88.2500
88.3333
88.4167
88.5000
88.5833
88.6667
88.7500
88.8333
88.9167
89.0000
89.0833
89.1667
89.2500
89.3333
89.4167
89.5000
89.5833
89.6667
89.7500
89.8333
89.9167
90.0000
90.0833
90.1667
90.2500
90.3333
90.4167
90.5000
90.5833
90.6667
90.7500
90.8333
90.9167
91.0000
91.0833
91.1667
91.2500
91.3333
91.4167
91.5000
91.5833
91.6667
91.7500
91.8333
91.9167
92.0000
92.0833
92.1667
92.2500
92.3333
92.4167
92.5000
92.5833
92.6667
92.7500
92.8333
92.9167
93.0000
93.0833
93.1667
93.2500
93.3333
93.4167
93.5000
93.5833
93.6667
93.7500
93.8333
93.9167
94.0000
94.0833
94.1667
94.2500
94.3333
94.4167
94.5000
94.5833
94.6667
94.7500
94.8333
94.9167
95.0000
95.0833
95.1667
95.2500
95.3333
95.4167
95.5000
95.5833
95.6667
95.7500
95.8333
95.9167
96.0000
96.0833
96.1667
96.2500
96.3333
96.4167
96.5000
96.5833
96.6667
96.7500
96.8333
96.9167
97.0000
97.0833
97.1667
97.2500
97.3333
97.4167
97.5000
97.5833
97.6667
97.7500
97.8333
97.9167
98.0000
98.0833
98.1667
98.2500
98.3333
98.4167
98.5000
98.5833
98.6667
98.7500
98.8333
98.9167
99.0000
99.0833
99.1667
99.2500
99.3333
99.4167
99.5000
99.5833
99.6667
99.7500
99.8333
99.9167
100.0000
100.0833
100.1667
100.2500
100.3333
100.4167
100.5000
100.5833
100.6667
100.7500
100.8333
100.9167
101.0000
101.0833
101.1667
101.2500
101.3333
101.4167
101.5000
101.5833
101.6667
101.7500
101.8333
101.9167
102.0000
102.0833
102.1667
102.2500
102.3333
102.4167
102.5000
102.5833
102.6667
102.7500
102.8333
102.9167
103.0000
103.0833
103.1667
103.2500
103.3333
103.4167
103.5000
103.5833
103.6667
103.7500
103.8333
103.9167
104.0000
104.0833
104.1667
104.2500
104.3333
104.4167
104.5000
104.5833
104.6667
104.7500
104.8333
104.9167
105.0000
105.0833
105.1667
105.2500
105.3333
105.4167
105.5000
105.5833
105.6667
105.7500
105.8333
105.9167
106.0000
106.0833
106.1667
106.2500
106.3333
106.4167
106.5000
106.5833
106.6667
106.7500
106.8333
106.9167
107.0000
107.0833
107.1667
107.2500
107.3333
107.4167
107.5000
107.5833
107.6667
107.7500
107.8333
107.9167
108.0000
108.0833
108.1667
108.2500
108.3333
108.4167
108.5000
108.5833
108.6667
108.7500
108.8333
108.9167
109.0000
109.0833
109.1667
109.2500
109.3333
109.4167
109.5000
109.5833
109.6667
109.7500
109.8333
109.9167
110.0000
110.0833
110.1667
110.2500
110.3333
110.4167
110.5000
110.5833
110.6667
110.7500
110.8333
110.9167
111.0000
111.0833
111.1667
111.2500
111.3333
111.4167
111.5000
111.5833
111.6667
111.7500
111.8333
111.9167
112.0000
112.0833
112.1667
112.2500
112.3333
112.4167
112.5000
112.5833
112.6667
112.7500
112.8333
112.9167
113.0000
113.0833
113.1667
113.2500
113.3333
113.4167
113.5000
113.5833
113.6667
113.7500
113.8333
113.9167
114.0000
114.0833
114.1667
114.2500
114.3333
114.4167
114.5000
114.5833
114.6667
114.7500
114.8333
114.9167
115.0000
115.0833
115.1667
115.2500
115.3333
115.4167
115.5000
115.5833
115.6667
115.7500
115.8333
115.9167
116.0000
116.0833
116.1667
116.2500
116.3333
116.4167
116.5000
116.5833
116.6667
116.7500
116.8333
116.9167
117.0000
117.0833
117.1667
117.2500
117.3333
117.4167
117.5000
117.5833
117.6667
117.7500
117.8333
117.9167
118.0000
118.0833
118.1667
118.2500
118.3333
118.4167
118.5000
118.5833
118.6667
118.7500
118.8333
118.9167
119.0000
119.0833
119.1667
119.2500
119.3333
119.4167
119.5000
119.5833
119.6667
119.7500
119.8333
119.9167
120.0000
120.0833
120.1667
120.2500
120.3333
120.4167
120.5000
120.5833
120.6667
120.7500
120.8333
120.9167
121.0000
121.0833
121.1667
121.2500
121.3333
121.4167
121.5000
121.5833
121.6667
121.7500
121.8333
121.9167
122.0000
122.0833
122.1667
122.2500
122.3333
122.4167
122.5000
122.5833
122.6667
122.7500
122.8333
122.9167
123.0000
123.0833
123.1667
123.2500
123.3333
123.4167
123.5000
123.5833
123.6667
123.7500
123.8333
123.9167
124.0000
124.0833
124.1667
124.2500
124.3333
124.4167
124.5000
124.5833
124.6667
124.7500
124.8333
124.9167
125.0000
125.0833
125.1667
125.2500
125.3333
125.4167
125.5000
125.5833
125.6667
125.7500
125.8333
125.9167
126.0000
126.0833
126.1667
126.2500
126.3333
126.4167
126.5000
126.5833
126.6667
126.7500
126.8333
126.9167
127.0000
127.0833
127.1667
127.2500
127.3333
127.4167
127.5000
127.5833
127.6667
127.7500
127.8333
127.9167
128.0000
128.0833
128.1667
128.2500
128.3333
128.4167
128.5000
128.5833
128.6667
128.7500
128.8333
128.9167
129.0000
129.0833
129.1667
129.2500
129.3333
129.4167
129.5000
129.5833
129.6667
129.7500
129.8333
129.9167
130.0000
130.0833
130.1667
130.2500
130.3333
130.4167
130.5000
130.5833
130.6667
130.7500
130.8333
130.9167
131.0000
131.0833
131.1667
131.2500
131.3333
131.4167
131.5000
131.5833
131.6667
131.7500
131.8333
131.9167
132.0000
132.0833
132.1667
132.2500
132.3333
132.4167
132.5000
132.5833
132.6667
132.7500
132.8333
132.9167
133.0000
133.0833
133.1667
133.2500
133.3333
133.4167
133.5000
133.5833
133.6667
133.7500
133.8333
133.9167
134.0000
134.0833
134.1667
134.2500
134.3333
134.4167
134.5000
134.5833
134.6667
134.7500
134.8333
134.9167
135.0000
135.0833
135.1667
135.2500
135.3333
135.4167
135.5000
135.5833
135.6667
135.7500
135.8333
135.9167
136.0000
136.0833
136.1667
136.2500
136.3333
136.4167
136.5000
136.5833
136.6667
136.7500
136.8333
136.9167
137.0000
137.0833
137.1667
137.2500
137.3333
137.4167
137.5000
137.5833
137.6667
137.7500
137.8333
137.9167
138.0000
138.0833
138.1667
138.2500
138.3333
138.4167
138.5000
138.5833
138.6667
138.7500
138.8333
138.9167
139.0000
139.0833
139.1667
139.2500
139.3333
139.4167
139.5000
139.5833
139.6667
139.7500
139.8333
139.9167
140.0000
140.0833
140.1667
140.2500
140.3333
140.4167
140.5000
140.5833
140.6667
140.7500
140.8333
140.9167
141.0000
141.0833
141.1667
141.2500
141.3333
141.4167
141.5000
141.5833
141.6667
141.7500
141.8333
141.9167
142.0000
142.0833
142.1667
142.2500
142.3333
142.4167
142.5000
142.5833
142.6667
142.7500
142.8333
142.9167
143.0000
143.0833
143.1667
143.2500
143.3333
143.4167
143.5000
143.5833
143.6667
143.7500
143.8333
143.9167
144.0000
144.0833
144.1667
144.2500
144.3333
144.4167
144.5000
144.5833
144.6667
144.7500
144.8333
144.9167
145.0000
145.0833
145.1667
145.2500
145.3333
145.4167
145.5000
145.5833
145.6667
145.7500
145.8333
145.9167
146.0000
146.0833
146.1667
146.2500
146.3333
146.4167
146.5000
146.5833
146.6667
146.7500
146.8333
146.9167
147.0000
147.0833
147.1667
147.2500
147.3333
147.4167
147.5000
147.5833
147.6667
147.7500
147.8333
147.9167
148.0000
148.0833
148.1667
148.2500
148.3333
148.4167
148.5000
148.5833
148.6667
148.7500
148.8333
148.9167
149.0000
149.0833
149.1667
149.2500
149.3333
149.4167
149.5000
149.5833
149.6667
149.7500
149.8333
149.9167
150.0000
150.0833
150.1667
150.2500
150.3333
150.4167
150.5000
150.5833
150.6667
150.7500
150.8333
150.9167
151.0000
151.0833
151.1667
151.2500
151.3333
151.4167
151.5000
151.5833
151.6667
151.7500
151.8333
151.9167
152.0000
152.0833
152.1667
152.2500
152.3333
152.4167
152.5000
152.5833
152.6667
152.7500
152.8333
152.9167
153.0000
153.0833
153.1667
153.2500
153.3333
153.4167
153.5000
153.5833
153.6667
153.7500
153.8333
153.9167
154.0000
154.0833
154.1667
154.2500
154.3333
154.4167
154.5000
154.5833
154.6667
154.7500
154.8333
154.9167
155.0000
155.0833
155.1667
155.2500
155.3333
155.4167
155.5000
155.5833
155.6667
155.7500
155.8333
155.9167
156.0000
156.0833
156.1667
156.2500
156.3333
156.4167
156.5000
156.5833
156.6667
156.7500
156.8333
156.9167
157.0000
157.0833
157.1667
157.2500
157.3333
157.4167
157.5000
157.5833
157.6667
157.7500
157.8333
157.9167
158.0000
158.0833
158.1667
158.2500
158.3333
158.4167
158.5000
158.5833
158.6667
158.7500
158.8333
158.9167
159.0000
159.0833
159.1667
159.2500
159.3333
159.4167
159.5000
159.5833
159.6667
159.7500
159.8333
159.9167
160.0000
160.0833
160.1667
160.2500
160.3333
160.4167
160.5000
160.5833
160.6667
160.7500
160.8333
160.9167
161.0000
161.0833
161.1667
161.2500
161.3333
161.4167
161.5000
161.5833
161.6667
161.7500
161.8333
161.9167
162.0000
162.0833
162.1667
162.2500
162.3333
162.4167
162.5000
162.5833
162.6667
162.7500
162.8333
162.9167
163.0000
163.0833
163.1667
163.2500
163.3333
163.4167
163.5000
163.5833
163.6667
163.7500
163.8333
163.9167
164.0000
164.0833
164.1667
164.2500
164.3333
164.4167
164.5000
164.5833
164.6667
164.7500
164.8333
164.9167
165.0000
165.0833
165.1667
165.2500
165.3333
165.4167
165.5000
165.5833
165.6667
165.7500
165.8333
165.9167
166.0000
166.0833
166.1667
166.2500
166.3333
166.4167
166.5000
166.5833
166.6667
166.7500
166.8333
166.9167
167.0000
167.0833
167.1667
167.2500
167.3333
167.4167
167.5000
167.5833
167.6667
167.7500
167.8333
167.9167
168.0000
168.0833
168.1667
168.2500
168.3333
168.4167
168.5000
168.5833
168.6667
168.7500
168.8333
168.9167
169.0000
169.0833
169.1667
169.2500
169.3333
169.4167
169.5000
169.5833
169.6667
169.7500
169.8333
169.9167
170.0000
170.0833
170.1667
170.2500
170.3333
170.4167
170.5000
170.5833
170.6667
170.7500
170.8333
170.9167
171.0000
171.0833
171.1667
171.2500
171.3333
171.4167
171.5000
171.5833
171.6667
171.7500
171.8333
171.9167
172.0000
172.0833
172.1667
172.2500
172.3333
172.4167
172.5000
172.5833
172.6667
172.7500
172.8333
172.9167
173.0000
173.0833
173.1667
173.2500
173.3333
173.4167
173.5000
173.5833
173.6667
173.7500
173.8333
173.9167
174.0000
174.0833
174.1667
174.2500
174.3333
174.4167
174.5000
174.5833
174.6667
174.7500
174.8333
174.9167
175.0000
175.0833
175.1667
175.2500
175.3333
175.4167
175.5000
175.5833
175.6667
175.7500
175.8333
175.9167
176.0000
176.0833
176.1667
176.2500
176.3333
176.4167
176.5000
176.5833
176.6667
176.7500
176.8333
176.9167
177.0000
177.0833
177.1667
177.2500
177.3333
177.4167
177.5000
177.5833
177.6667
177.7500
177.8333
177.9167
178.0000
178.0833
178.1667
178.2500
178.3333
178.4167
178.5000
178.5833
178.6667
178.7500
178.8333
178.9167
179.0000
179.0833
179.1667
179.2500
179.3333
179.4167
179.5000
179.5833
179.6667
179.7500
179.8333
179.9167
180.0000
180.0833
180.1667
180.2500
180.3333
180.4167
180.5000
180.5833
180.6667
180.7500
180.8333
180.9167
181.0000
181.0833
181.1667
181.2500
181.3333
181.4167
181.5000
181.5833
181.6667
181.7500
181.8333
181.9167
182.0000
182.0833
182.1667
182.2500
182.3333
182.4167
182.5000
182.5833
182.6667
182.7500
182.8333
182.9167
183.0000
183.0833
183.1667
183.2500
183.3333
183.4167
183.5000
183.5833
183.6667
183.7500
183.8333
183.9167
184.0000
184.0833
184.1667
184.2500
184.3333
184.4167
184.5000
184.5833
184.6667
184.7500
184.8333
184.9167
185.0000
185.0833
185.1667
185.2500
185.3333
185.4167
185.5000
185.5833
185.6667
185.7500
185.8333
185.9167
186.0000
186.0833
186.1667
186.2500
186.3333
186.4167
186.5000
186.5833
186.6667
186.7500
186.8333
186.9167
187.0000
187.0833
187.1667
187.2500
187.3333
187.4167
187.5000
187.5833
187.6667
187.7500
187.8333
187.9167
188.0000
188.0833
188.1667
188.2500
188.3333
188.4167
188.5000
188.5833
188.6667
188.7500
188.8333
188.9167
189.0000
189.0833
189.1667
189.2500
189.3333
189.4167
189.5000
189.5833
189.6667
189.7500
189.8333
189.9167
190.0000
190.0833
190.1667
190.2500
190.3333
190.4167
190.5000
190.5833
190.6667
190.7500
190.8333
190.9167
191.0000
191.0833
191.1667
191.2500
191.3333
191.4167
191.5000
191.5833
191.6667
191.7500
191.8333
191.9167
192.0000
192.0833
192.1667
192.2500
192.3333
192.4167
192.5000
192.5833
192.6667
192.7500
192.8333
192.9167
193.0000
193.0833
193.1667
193.2500
193.3333
193.4167
193.5000
193.5833
193.6667
193.7500
193.8333
193.9167
194.0000
194.0833
194.1667
194.2500
194.3333
194.4167
194.5000
194.5833
194.6667
194.7500
194.8333
194.9167
195.0000
195.0833
195.1667
195.2500
195.3333
195.4167
195.5000
195.5833
195.6667
195.7500
195.8333
195.9167
196.0000
196.0833
196.1667
196.2500
196.3333
196.4167
196.5000
196.5833
196.6667
196.7500
196.8333
196.9167
197.0000
197.0833
197.1667
197.2500
197.3333
197.4167
197.5000
197.5833
197.6667
197.7500
197.8333
197.9167
198.0000
198.0833
198.1667
198.2500
198.3333
198.4167
198.5000
198.5833
198.6667
198.7500
198.8333
198.9167
199.0000
199.0833
199.1667
199.2500
199.3333
199.4167
199.5000
199.5833
199.6667
199.7500
199.8333
199.9167
200.0000
200.0833
200.1667
200.2500
200.3333
200.4167
200.5000
200.5833
200.6667
200.7500
200.8333
200.9167
201.0000
201.0833
201.1667
201.2500
201.3333
201.4167
201.5000
201.5833
201.6667
201.7500
201.8333
201.9167
202.0000
202.0833
202.1667
202.2500
202.3333
202.4167
202.5000
202.5833
202.6667
202.7500
202.8333
202.9167
203.0000
203.0833
203.1667
203.2500
203.3333
203.4167
203.5000
203.5833
203.6667
203.7500
203.8333
203.9167
204.0000
204.0833
204.1667
204.2500
204.3333
204.4167
204.5000
204.5833
204.6667
204.7500
204.8333
204.9167
205.0000
205.0833
205.1667
205.2500
205.3333
205.4167
205.5000
205.5833
205.6667
205.7500
205.8333
205.9167
206.0000
206.0833
206.1667
206.2500
206.3333
206.4167
206.5000
206.5833
206.6667
206.7500
206.8333
206.9167
207.0000
207.0833
207.1667
207.2500
207.3333
207.4167
207.5000
207.5833
207.6667
207.7500
207.8333
207.9167
208.0000
208.0833
208.1667
208.2500
208.3333
208.4167
208.5000
208.5833
208.6667
208.7500
208.8333
208.9167
209.0000
209.0833
209.1667
209.2500
209.3333
209.4167
209.5000
209.5833
209.6667
209.7500
209.8333
209.9167
210.0000
210.0833
210.1667
210.2500
210.3333
210.4167
210.5000
210.5833
210.6667
210.7500
210.8333
210.9167
211.0000
211.0833
211.1667
211.2500
211.3333
211.4167
211.5000
211.5833
211.6667
211.7500
211.8333
211.9167
212.0000
212.0833
212.1667
212.2500
212.3333
212.4167
212.5000
212.5833
212.6667
212.7500
212.8333
212.9167
213.0000
213.0833
213.1667
213.2500
213.3333
213.4167
213.5000
213.5833
213.6667
213.7500
213.8333
213.9167
214.0000
214.0833
214.1667
214.2500
214.3333
214.4167
214.5000
214.5833
214.6667
214.7500
214.8333
214.9167
215.0000
215.0833
215.1667
215.2500
215.3333
215.4167
215.5000
215.5833
215.6667
215.7500
215.8333
215.9167
216.0000
216.0833
216.1667
216.2500
216.3333
216.4167
216.5000
216.5833
216.6667
216.7500
216.8333
216.9167
217.0000
217.0833
217.1667
217.2500
217.3333
217.4167
217.5000
217.5833
217.6667
217.7500
217.8333
217.9167
218.0000
218.0833
218.1667
218.2500
218.3333
218.4167
218.5000
218.5833
218.6667
218.7500
218.8333
218.9167
219.0000
219.0833
219.1667
219.2500
219.3333
219.4167
219.5000
219.5833
219.6667
219.7500
219.8333
219.9167
220.0000
220.0833
220.1667
220.2500
220.3333
220.4167
220.5000
220.5833
220.6667
220.7500
220.8333
220.9167
221.0000
221.0833
221.1667
221.2500
221.3333
221.4167
221.5000
221.5833
221.6667
221.7500
221.8333
221.9167
222.0000
222.0833
222.1667
222.2500
222.3333
222.4167
222.5000
222.5833
222.6667
222.7500
222.8333
222.9167
223.0000
223.0833
223.1667
223.2500
223.3333
223.4167
223.5000
223.5833
223.6667
223.7500
223.8333
223.9167
224.0000
224.0833
224.1667
224.2500
224.3333
224.4167
224.5000
224.5833
224.6667
224.7500
224.8333
224.9167
225.0000
225.0833
225.1667
225.2500
225.3333
225.4167
225.5000
225.5833
225.6667
225.7500
225.8333
225.9167
226.0000
226.0833
226.1667
226.2500
226.3333
226.4167
226.5000
226.5833
226.6667
226.7500
226.8333
226.9167
227.0000
227.0833
227.1667
227.2500
227.3333
227.4167
227.5000
227.5833
227.6667
227.7500
227.8333
227.9167
228.0000
228.0833
228.1667
228.2500
228.3333
228.4167
228.5000
228.5833
228.6667
228.7500
228.8333
228.9167
229.0000
229.0833
229.1667
229.2500
229.3333
229.4167
229.5000
229.5833
229.6667
229.7500
229.8333
229.9167
230.0000
230.0833
230.1667
230.2500
230.3333
230.4167
230.5000
230.5833
230.6667
230.7500
230.8333
230.9167
231.0000
231.0833
231.1667
231.2500
231.3333
231.4167
231.5000
231.5833
231.6667
231.7500
231.8333
231.9167
232.0000
232.0833
232.1667
232.2500
232.3333
232.4167
232.5000
232.5833
232.6667
232.7500
232.8333
232.9167
233.0000
233.0833
233.1667
233.2500
233.3333
233.4167
233.5000
233.5833
233.6667
233.7500
233.8333
233.9167
234.0000
234.0833
234.1667
234.2500
234.3333
234.4167
234.5000
234.5833
234.6667
234.7500
234.8333
234.9167
235.0000
235.0833
235.1667
235.2500
235.3333
235.4167
235.5000
235.5833
235.6667
235.7500
235.8333
235.9167
236.0000
236.0833
236.1667
236.2500
236.3333
236.4167
236.5000
236.5833
236.6667
236.7500
236.8333
236.9167
237.0000
237.0833
237.1667
237.2500
237.3333
237.4167
237.5000
237.5833
237.6667
237.7500
237.8333
237.9167
238.0000
238.0833
238.1667
238.2500
238.3333
238.4167
238.5000
238.5833
238.6667
238.7500
238.8333
238.9167
239.0000
239.0833
239.1667
239.2500
239.3333
239.4167
239.5000
239.5833
239.6667
239.7500
239.8333
239.9167
240.0000
240.0833
240.1667
240.2500
240.3333
240.4167
240.5000
240.5833
240.6667
240.7500
240.8333
240.9167
241.0000
241.0833
241.1667
241.2500
241.3333
241.4167
241.5000
241.5833
241.6667
241.7500
241.8333
241.9167
242.0000
242.0833
242.1667
242.2500
242.3333
242.4167
242.5000
242.5833
242.6667
242.7500
242.8333
242.9167
243.0000
243.0833
243.1667
243.2500
243.3333
243.4167
243.5000
243.5833
243.6667
243.7500
243.8333
243.9167
244.0000
244.0833
244.1667
244.2500
244.3333
244.4167
244.5000
244.5833
244.6667
244.7500
244.8333
244.9167
245.0000
245.0833
245.1667
245.2500
245.3333
245.4167
245.5000
245.5833
245.6667
245.7500
245.8333
245.9167
246.0000
246.0833
246.1667
246.2500
246.3333
246.4167
246.5000
246.5833
246.6667
246.7500
246.8333
246.9167
247.0000
247.0833
247.1667
247.2500
247.3333
247.4167
247.5000
247.5833
247.6667
247.7500
247.8333
247.9167
248.0000
248.0833
248.1667
248.2500
248.3333
248.4167
248.5000
248.5833
248.6667
248.7500
248.8333
248.9167
249.0000
249.0833
249.1667
249.2500
249.3333
249.4167
249.5000
249.5833
249.6667
249.7500
249.8333
249.9167
250.0000
250.0833
250.1667
250.2500
250.3333
250.4167
250.5000
250.5833
250.6667
250.7500
250.8333
250.9167
251.0000
251.0833
251.1667
251.2500
251.3333
251.4167
251.5000
251.5833
251.6667
251.7500
251.8333
251.9167
252.0000
252.0833
252.1667
252.2500
252.3333
252.4167
252.5000
252.5833
252.6667
252.7500
252.8333
252.9167
253.0000
253.0833
253.1667
253.2500
253.3333
253.4167
253.5000
253.5833
253.6667
253.7500
253.8333
253.9167
254.0000
254.0833
254.1667
254.2500
254.3333
254.4167
254.5000
254.5833
254.6667
254.7500
254.8333
254.9167
255.0000
255.0833
255.1667
255.2500
255.3333
255.4167
255.5000
255.5833
255.6667
255.7500
255.8333
255.9167
256.0000
256.0833
256.1667
256.2500
256.3333
256.4167
256.5000
256.5833
256.6667
256.7500
256.8333
256.9167
257.0000
257.0833
257.1667
257.2500
257.3333
257.4167
257.5000
257.5833
257.6667
257.7500
257.8333
257.9167
258.0000
258.0833
258.1667
258.2500
258.3333
258.4167
258.5000
258.5833
258.6667
258.7500
258.8333
258.9167
259.0000
259.0833
259.1667
259.2500
259.3333
259.4167
259.5000
259.5833
259.6667
259.7500
259.8333
259.9167
260.0000
260.0833
260.1667
260.2500
260.3333
260.4167
260.5000
260.5833
260.6667
260.7500
260.8333
260.9167
261.0000
261.0833
261.1667
261.2500
261.3333
261.4167
261.5000
261.5833
261.6667
261.7500
261.8333
261.9167
262.0000
262.0833
262.1667
262.2500
262.3333
262.4167
262.5000
262.5833
262.6667
262.7500
262.8333
262.9167
263.0000
263.0833
263.1667
263.2500
263.3333
263.4167
263.5000
263.5833
263.6667
263.7500
263.8333
263.9167
264.0000
264.0833
264.1667
264.2500
264.3333
264.4167
264.5000
264.5833
264.6667
264.7500
264.8333
264.9167
265.0000
265.0833
265.1667
265.2500
265.3333
265.4167
265.5000
265.5833
265.6667
265.7500
265.8333
265.9167
266.0000
266.0833
266.1667
266.2500
266.3333
266.4167
266.5000
266.5833
266.6667
266.7500
266.8333
266.9167
267.0000
267.0833
267.1667
267.2500
267.3333
267.4167
267.5000
267.5833
267.6667
267.7500
267.8333
267.9167
268.0000
268.0833
268.1667
268.2500
268.3333
268.4167
268.5000
268.5833
268.6667
268.7500
268.8333
268.9167
269.0000
269.0833
269.1667
269.2500
269.3333
269.4167
269.5000
269.5833
269.6667
269.7500
269.8333
269.9167
270.0000
270.0833
270.1667
270.2500
270.3333
270.4167
270.5000
270.5833
270.6667
270.7500
270.8333
270.9167
271.0000
271.0833
271.1667
271.2500
271.3333
271.4167
271.5000
271.5833
271.6667
271.7500
271.8333
271.9167
272.0000
272.0833
272.1667
272.2500
272.3333
272.4167
272.5000
272.5833
272.6667
272.7500
272.8333
272.9167
273.0000
273.0833
273.1667
273.2500
273.3333
273.4167
273.5000
273.5833
273.6667
273.7500
273.8333
273.9167
274.0000
274.0833
274.1667
274.2500
274.3333
274.4167
274.5000
274.5833
274.6667
274.7500
274.8333
274.9167
275.0000
275.0833
275.1667
275.2500
275.3333
275.4167
275.5000
275.5833
275.6667
275.7500
275.8333
275.9167
276.0000
276.0833
276.1667
276.2500
276.3333
276.4167
276.5000
276.5833
276.6667
276.7500
276.8333
276.9167
277.0000
277.0833
277.1667
277.2500
277.3333
277.4167
277.5000
277.5833
277.6667
277.7500
277.8333
277.9167
278.0000
278.0833
278.1667
278.2500
278.3333
278.4167
278.5000
278.5833
278.6667
278.7500
278.8333
278.9167
279.0000
279.0833
279.1667
279.2500
279.3333
279.4167
279.5000
279.5833
279.6667
279.7500
279.8333
279.9167
280.0000
280.0833
280.1667
280.2500
280.3333
280.4167
280.5000
280.5833
280.6667
280.7500
280.8333
280.9167
281.0000
281.0833
281.1667
281.2500
281.3333
281.4167
281.5000
281.5833
281.6667
281.7500
281.8333
281.9167
282.0000
282.0833
282.1667
282.2500
282.3333
282.4167
282.5000
282.5833
282.6667
282.7500
282.8333
282.9167
283.0000
283.0833
283.1667
283.2500
283.3333
283.4167
283.5000
283.5833
283.6667
283.7500
283.8333
283.9167
284.0000
284.0833
284.1667
284.2500
284.3333
284.4167
284.5000
284.5833
284.6667
284.7500
284.8333
284.9167
285.0000
285.0833
285.1667
285.2500
285.3333
285.4167
285.5000
285.5833
285.6667
285.7500
285.8333
285.9167
286.0000
286.0833
286.1667
286.2500
286.3333
286.4167
286.5000
286.5833
286.6667
286.7500
286.8333
286.9167
287.0000
287.0833
287.1667
287.2500
287.3333
287.4167
287.5000
287.5833
287.6667
287.7500
287.8333
287.9167
288.0000
288.0833
288.1667
288.2500
288.3333
288.4167
288.5000
288.5833
288.6667
288.7500
288.8333
288.9167
289.0000
289.0833
289.1667
289.2500
289.3333
289.4167
289.5000
289.5833
289.6667
289.7500
289.8333
289.9167
290.0000
290.0833
290.1667
290.2500
290.3333
290.4167
290.5000
290.5833
290.6667
290.7500
290.8333
290.9167
291.0000
291.0833
291.1667
291.2500
291.3333
291.4167
291.5000
291.5833
291.6667
291.7500
291.8333
291.9167
292.0000
292.0833
292.1667
292.2500
292.3333
292.4167
292.5000
292.5833
292.6667
292.7500
292.8333
292.9167
293.0000
293.0833
293.1667
293.2500
293.3333
293.4167
293.5000
293.5833
293.6667
293.7500
293.8333
293.9167
294.0000
294.0833
294.1667
294.2500
294.3333
294.4167
294.5000
294.5833
294.6667
294.7500
294.8333
294.9167
295.0000
295.0833
295.1667
295.2500
295.3333
295.4167
295.5000
295.5833
295.6667
295.7500
295.8333
295.9167
296.0000
296.0833
296.1667
296.2500
296.3333
296.4167
296.5000
296.5833
296.6667
296.7500
296.8333
296.9167
297.0000
297.0833
297.1667
297.2500
297.3333
297.4167
297.5000
297.5833
297.6667
297.7500
297.8333
297.9167
298.0000
298.0833
298.1667
298.2500
298.3333
298.4167
298.5000
298.5833
298.6667
298.7500
298.8333
298.9167
299.0000
299.0833
299.1667
299.2500
299.3333
299.4167
299.5000
299.5833
299.6667
299.7500
299.8333
299.9167
300.0000
300.0833
300.1667
300.2500
300.3333
300.4167
300.5000
300.5833
300.6667
300.7500
300.8333
300.9167
301.0000
301.0833
301.1667
301.2500
301.3333
301.4167
301.5000
301.5833
301.6667
301.7500
301.8333
301.9167
302.0000
302.0833
302.1667
302.2500
302.3333
302.4167
302.5000
302.5833
302.6667
302.7500
302.8333
302.9167
303.0000
303.0833
303.1667
303.2500
303.3333
303.4167
303.5000
303.5833
303.6667
303.7500
303.8333
303.9167
304.0000
304.0833
304.1667
304.2500
304.3333
304.4167
304.5000
304.5833
304.6667
304.7500
304.8333
304.9167
305.0000
305.0833
305.1667
305.2500
305.3333
305.4167
305.5000
305.5833
305.6667
305.7500
305.8333
305.9167
306.0000
306.0833
306.1667
306.2500
306.3333
306.4167
306.5000
306.5833
306.6667
306.7500
306.8333
306.9167
307.0000
307.0833
307.1667
307.2500
307.3333
307.4167
307.5000
307.5833
307.6667
307.7500
307.8333
307.9167
308.0000
308.0833
308.1667
308.2500
308.3333
308.4167
308.5000
308.5833
308.6667
308.7500
308.8333
308.9167
309.0000
309.0833
309.1667
309.2500
309.3333
309.4167
309.5000
309.5833
309.6667
309.7500
309.8333
309.9167
310.0000
310.0833
310.1667
310.2500
310.3333
310.4167
310.5000
310.5833
310.6667
310.7500
310.8333
310.9167
311.0000
311.0833
311.1667
311.2500
311.3333
311.4167
311.5000
311.5833
311.6667
311.7500
311.8333
311.9167
312.0000
312.0833
312.1667
312.2500
312.3333
312.4167
312.5000
312.5833
312.6667
312.7500
312.8333
312.9167
313.0000
313.0833
313.1667
313.2500
313.3333
313.4167
313.5000
313.5833
313.6667
313.7500
313.8333
313.9167
314.0000
314.0833
314.1667
314.2500
314.3333
314.4167
314.5000
314.5833
314.6667
314.7500
314.8333
314.9167
315.0000
315.0833
315.1667
315.2500
315.3333
315.4167
315.5000
315.5833
315.6667
315.7500
315.8333
315.9167
316.0000
316.0833
316.1667
316.2500
316.3333
316.4167
316.5000
316.5833
316.6667
316.7500
316.8333
316.9167
317.0000
317.0833
317.1667
317.2500
317.3333
317.4167
317.5000
317.5833
317.6667
317.7500
317.8333
317.9167
318.0000
318.0833
318.1667
318.2500
318.3333
318.4167
318.5000
318.5833
318.6667
318.7500
318.8333
318.9167
319.0000
319.0833
319.1667
319.2500
319.3333
319.4167
319.5000
319.5833
319.6667
319.7500
319.8333
319.9167
320.0000
320.0833
320.1667
320.2500
320.3333
320.4167
320.5000
320.5833
320.6667
320.7500
320.8333
320.9167
321.0000
321.0833
321.1667
321.2500
321.3333
321.4167
321.5000
321.5833
321.6667
321.7500
321.8333
321.9167
322.0000
322.0833
322.1667
322.2500
322.3333
322.4167
322.5000
322.5833
322.6667
322.7500
322.8333
322.9167
323.0000
323.0833
323.1667
323.2500
323.3333
323.4167
323.5000
323.5833
323.6667
323.7500
323.8333
323.9167
324.0000
324.0833
324.1667
324.2500
324.3333
324.4167
324.5000
324.5833
324.6667
324.7500
324.8333
324.9167
325.0000
325.0833
325.1667
325.2500
325.3333
325.4167
325.5000
325.5833
325.6667
325.7500
325.8333
325.9167
326.0000
326.0833
326.1667
326.2500
326.3333
326.4167
326.5000
326.5833
326.6667
326.7500
326.8333
326.9167
327.0000
327.0833
327.1667
327.2500
327.3333
327.4167
327.5000
327.5833
327.6667
327.7500
327.8333
327.9167
328.0000
328.0833
328.1667
328.2500
328.3333
328.4167
328.5000
328.5833
328.6667
328.7500
328.8333
328.9167
329.0000
329.0833
329.1667
329.2500
329.3333
329.4167
329.5000
329.5833
329.6667
329.7500
329.8333
329.9167
330.0000
330.0833
330.1667
330.2500
330.3333
330.4167
330.5000
330.5833
330.6667
330.7500
330.8333
330.9167
331.0000
331.0833
331.1667
331.2500
331.3333
331.4167
331.5000
331.5833
331.6667
331.7500
331.8333
331.9167
332.0000
332.0833
332.1667
332.2500
332.3333
332.4167
332.5000
332.5833
332.6667
332.7500
332.8333
332.9167
333.0000
333.0833
333.1667
333.2500
333.3333
333.4167
333.5000
333.5833
333.6667
333.7500
333.8333
333.9167
334.0000
334.0833
334.1667
334.2500
334.3333
334.4167
334.5000
334.5833
334.6667
334.7500
334.8333
334.9167
335.0000
335.0833
335.1667
335.2500
335.3333
335.4167
335.5000
335.5833
335.6667
335.7500
335.8333
335.9167
336.0000
336.0833
336.1667
336.2500
336.3333
336.4167
336.5000
336.5833
336.6667
336.7500
336.8333
336.9167
337.0000
337.0833
337.1667
337.2500
337.3333
337.4167
337.5000
337.5833
337.6667
337.7500
337.8333
337.9167
338.0000
338.0833
338.1667
338.2500
338.3333
338.4167
338.5000
338.5833
338.6667
338.7500
338.8333
338.9167
339.0000
339.0833
339.1667
339.2500
339.3333
339.4167
339.5000
339.5833
339.6667
339.7500
339.8333
339.9167
340.0000
340.0833
340.1667
340.2500
340.3333
340.4167
340.5000
340.5833
340.6667
340.7500
340.8333
340.9167
341.0000
341.0833
341.1667
341.2500
341.3333
341.4167
341.5000
341.5833
341.6667
341.7500
341.8333
341.9167
342.0000
342.0833
342.1667
342.2500
342.3333
342.4167
342.5000
342.5833
342.6667
342.7500
342.8333
342.9167
343.0000
343.0833
343.1667
343.2500
343.3333
343.4167
343.5000
343.5833
343.6667
343.7500
343.8333
343.9167
344.0000
344.0833
344.1667
344.2500
344.3333
344.4167
344.5000
344.5833
344.6667
344.7500
344.8333
344.9167
345.0000
345.0833
345.1667
345.2500
345.3333
345.4167
345.5000
345.5833
345.6667
345.7500
345.8333
345.9167
346.0000
346.0833
346.1667
346.2500
346.3333
346.4167
346.5000
346.5833
346.6667
346.7500
346.8333
346.9167
347.0000
347.0833
347.1667
347.2500
347.3333
347.4167
347.5000
347.5833
347.6667
347.7500
347.8333
347.9167
348.0000
348.0833
348.1667
348.2500
348.3333
348.4167
348.5000
348.5833
348.6667
348.7500
348.8333
348.9167
349.0000
349.0833
349.1667
349.2500
349.3333
349.4167
349.5000
349.5833
349.6667
349.7500
349.8333
349.9167
350.0000
350.0833
350.1667
350.2500
350.3333
350.4167
350.5000
350.5833
350.6667
350.7500
350.8333
350.9167
351.0000
351.0833
351.1667
351.2500
351.3333
351.4167
351.5000
351.5833
351.6667
351.7500
351.8333
351.9167
352.0000
352.0833
352.1667
352.2500
352.3333
352.4167
352.5000
352.5833
352.6667
352.7500
352.8333
352.9167
353.0000
353.0833
353.1667
353.2500
353.3333
353.4167
353.5000
353.5833
353.6667
353.7500
353.8333
353.9167
354.0000
354.0833
354.1667
354.2500
354.3333
354.4167
354.5000
354.5833
354.6667
354.7500
354.8333
354.9167
355.0000
355.0833
355.1667
355.2500
355.3333
355.4167
355.5000
355.5833
355.6667
355.7500
355.8333
355.9167
356.0000
356.0833
356.1667
356.2500
356.3333
356.4167
356.5000
356.5833
356.6667
356.7500
356.8333
356.9167
357.0000
357.0833
357.1667
357.2500
357.3333
357.4167
357.5000
357.5833
357.6667
357.7500
357.8333
357.9167
358.0000
358.0833
358.1667
358.2500
358.3333
358.4167
358.5000
358.5833
358.6667
358.7500
358.8333
358.9167
359.0000
359.0833
359.1667
359.2500
359.3333
359.4167
359.5000
359.5833
359.6667
359.7500
359.8333
359.9167
360.0000
360.0833
360.1667
360.2500
360.3333
360.4167
360.5000
360.5833
360.6667
360.7500
360.8333
360.9167
361.0000
361.0833
361.1667
361.2500
361.3333
361.4167
361.5000
361.5833
361.6667
361.7500
361.8333
361.9167
362.0000
362.0833
362.1667
362.2500
362.3333
362.4167
362.5000
362.5833
362.6667
362.7500
362.8333
362.9167
363.0000
363.0833
363.1667
363.2500
363.3333
363.4167
363.5000
363.5833
363.6667
363.7500
363.8333
363.9167
364.0000
364.0833
364.1667
364.2500
364.3333
364.4167
364.5000
364.5833
364.6667
364.7500
364.8333
364.9167
365.0000
365.0833
365.1667
365.2500
365.3333
365.4167
365.5000
365.5833
365.6667
365.7500
365.8333
365.9167
366.0000
366.0833
366.1667
366.2500
366.3333
366.4167
366.5000
366.5833
366.6667
366.7500
366.8333
366.9167
367.0000
367.0833
367.1667
367.2500
367.3333
367.4167
367.5000
367.5833
367.6667
367.7500
367.8333
367.9167
368.0000
368.0833
368.1667
368.2500
368.3333
368.4167
368.5000
368.5833
368.6667
368.7500
368.8333
368.9167
369.0000
369.0833
369.1667
369.2500
369.3333
369.4167
369.5000
369.5833
369.6667
369.7500
369.8333
369.9167
370.0000
370.0833
370.1667
370.2500
370.3333
370.4167
370.5000
370.5833
370.6667
370.7500
370.8333
370.9167
371.0000
371.0833
371.1667
371.2500
371.3333
371.4167
371.5000
371.5833
371.6667
371.7500
371.8333
371.9167
372.0000
372.0833
372.1667
372.2500
372.3333
372.4167
372.5000
372.5833
372.6667
372.7500
372.8333
372.9167
373.0000
373.0833
373.1667
373.2500
373.3333
373.4167
373.5000
373.5833
373.6667
373.7500
373.8333
373.9167
374.0000
374.0833
374.1667
374.2500
374.3333
374.4167
374.5000
374.5833
374.6667
374.7500
374.8333
374.9167
375.0000
375.0833
375.1667
375.2500
375.3333
375.4167
375.5000
375.5833
375.6667
375.7500
375.8333
375.9167
376.0000
376.0833
376.1667
376.2500
376.3333
376.4167
376.5000
376.5833
376.6667
376.7500
376.8333
376.9167
377.0000
377.0833
377.1667
377.2500
377.3333
377.4167
377.5000
377.5833
377.6667
377.7500
377.8333
377.9167
378.0000
378.0833
378.1667
378.2500
378.3333
378.4167
378.5000
378.5833
378.6667
378.7500
378.8333
378.9167
379.0000
379.0833
379.1667
379.2500
379.3333
379.4167
379.5000
379.5833
379.6667
379.7500
379.8333
379.9167
380.0000
380.0833
380.1667
380.2500
380.3333
380.4167
380.5000
380.5833
380.6667
380.7500
380.8333
380.9167
381.0000
381.0833
381.1667
381.2500
381.3333
381.4167
381.5000
381.5833
381.6667
381.7500
381.8333
381.9167
382.0000
382.0833
382.1667
382.2500
382.3333
382.4167
382.5000
382.5833
382.6667
382.7500
382.8333
382.9167
383.0000
383.0833
383.1667
383.2500
383.3333
383.4167
383.5000
383.5833
383.6667
383.7500
383.8333
383.9167
384.0000
384.0833
384.1667
384.2500
384.3333
384.4167
384.5000
384.5833
384.6667
384.7500
384.8333
384.9167
385.0000
385.0833
385.1667
385.2500
385.3333
385.4167
385.5000
385.5833
385.6667
385.7500
385.8333
385.9167
386.0000
386.0833
386.1667
386.2500
386.3333
386.4167
386.5000
386.5833
386.6667
386.7500
386.8333
386.9167
387.0000
387.0833
387.1667
387.2500
387.3333
387.4167
387.5000
387.5833
387.6667
387.7500
387.8333
387.9167
388.0000
388.0833
388.1667
388.2500
388.3333
388.4167
388.5000
388.5833
388.6667
388.7500
388.8333
388.9167
389.0000
389.0833
389.1667
389.2500
389.3333
389.4167
389.5000
389.5833
389.6667
389.7500
389.8333
389.9167
390.0000
390.0833
390.1667
390.2500
390.3333
390.4167
390.5000
390.5833
390.6667
390.7500
390.8333
390.9167
391.0000
391.0833
391.1667
391.2500
391.3333
391.4167
391.5000
391.5833
391.6667
391.7500
391.8333
391.9167
392.0000
392.0833
392.1667
392.2500
392.3333
392.4167
392.5000
392.5833
392.6667
392.7500
392.8333
392.9167
393.0000
393.0833
393.1667
393.2500
393.3333
393.4167
393.5000
393.5833
393.6667
393.7500
393.8333
393.9167
394.0000
394.0833
394.1667
394.2500
394.3333
394.4167
394.5000
394.5833
394.6667
394.7500
394.8333
394.9167
395.0000
395.0833
395.1667
395.2500
395.3333
395.4167
395.5000
395.5833
395.6667
395.7500
395.8333
395.9167
396.0000
396.0833
396.1667
396.2500
396.3333
396.4167
396.5000
396.5833
396.6667
396.7500
396.8333
396.9167
397.0000
397.0833
397.1667
397.2500
397.3333
397.4167
397.5000
397.5833
397.6667
397.7500
397.8333
397.9167
398.0000
398.0833
398.1667
398.2500
398.3333
398.4167
398.5000
398.5833
398.6667
398.7500
398.8333
398.9167
399.0000
399.0833
399.1667
399.2500
399.3333
399.4167
399.5000
399.5833
399.6667
399.7500
399.8333
399.9167
400.0000
400.0833
400.1667
400.2500
400.3333
400.4167
400.5000
400.5833
400.6667
400.7500
400.8333
400.9167
401.0000
401.0833
401.1667
401.2500
401.3333
401.4167
401.5000
401.5833
401.6667
401.7500
401.8333
401.9167
402.0000
402.0833
402.1667
402.2500
402.3333
402.4167
402.5000
402.5833
402.6667
402.7500
402.8333
402.9167
403.0000
403.0833
403.1667
403.2500
403.3333
403.4167
403.5000
403.5833
403.6667
403.7500
403.8333
403.9167
404.0000
404.0833
404.1667
404.2500
404.3333
404.4167
404.5000
404.5833
404.6667
404.7500
404.8333
404.9167
405.0000
405.0833
405.1667
405.2500
405.3333
405.4167
405.5000
405.5833
405.6667
405.7500
405.8333
405.9167
406.0000
406.0833
406.1667
406.2500
406.3333
406.4167
406.5000
406.5833
406.6667
406.7500
406.8333
406.9167
407.0000
407.0833
407.1667
407.2500
407.3333
407.4167
407.5000
407.5833
407.6667
407.7500
407.8333
407.9167
408.0000
408.0833
408.1667
408.2500
408.3333
408.4167
408.5000
408.5833
408.6667
408.7500
408.8333
408.9167
409.0000
409.0833
409.1667
409.2500
409.3333
409.4167
409.5000
409.5833
409.6667
409.7500
409.8333
409.9167
410.0000
410.0833
410.1667
410.2500
410.3333
410.4167
410.5000
410.5833
410.6667
410.7500
410.8333
410.9167
411.0000
411.0833
411.1667
411.2500
411.3333
411.4167
411.5000
411.5833
411.6667
411.7500
411.8333
411.9167
412.0000
412.0833
412.1667
412.2500
412.3333
412.4167
412.5000
412.5833
412.6667
412.7500
412.8333
412.9167
413.0000
413.0833
413.1667
413.2500
413.3333
413.4167
413.5000
413.5833
413.6667
413.7500
413.8333
413.9167
414.0000
414.0833
414.1667
414.2500
414.3333
414.4167
414.5000
414.5833
414.6667
414.7500
414.8333
414.9167
415.0000
415.0833
415.1667
415.2500
415.3333
415.4167
415.5000
415.5833
415.6667
415.7500
415.8333
415.9167
416.0000
416.0833
416.1667
416.2500
416.3333
416.4167
416.5000
416.5833
416.6667
416.7500
416.8333
416.9167
417.0000
417.0833
417.1667
417.2500
417.3333
417.4167
417.5000
417.5833
417.6667
417.7500
417.8333
417.9167
418.0000
418.0833
418.1667
418.2500
418.3333
418.4167
418.5000
418.5833
418.6667
418.7500
418.8333
418.9167
419.0000
419.0833
419.1667
419.2500
419.3333
419.4167
419.5000
419.5833
419.6667
419.7500
419.8333
419.9167
420.0000
420.0833
420.1667
420.2500
420.3333
420.4167
420.5000
420.5833
420.6667
420.7500
420.8333
420.9167
421.0000
421.0833
421.1667
421.2500
421.3333
421.4167
421.5000
421.5833
421.6667
421.7500
421.8333
421.9167
422.0000
422.0833
422.1667
422.2500
422.3333
422.4167
422.5000
422.5833
422.6667
422.7500
422.8333
422.9167
423.0000
423.0833
423.1667
423.2500
423.3333
423.4167
423.5000
423.5833
423.6667
423.7500
423.8333
423.9167
424.0000
424.0833
424.1667
424.2500
424.3333
424.4167
424.5000
424.5833
424.6667
424.7500
424.8333
424.9167
425.0000
425.0833
425.1667
425.2500
425.3333
425.4167
425.5000
425.5833
425.6667
425.7500
425.8333
425.9167
426.0000
426.0833
426.1667
426.2500
426.3333
426.4167
426.5000
426.5833
426.6667
426.7500
426.8333
426.9167
427.0000
427.0833
427.1667
427.2500
427.3333
427.4167
427.5000
427.5833
427.6667
427.7500
427.8333
427.9167
428.0000
428.0833
428.1667
428.2500
428.3333
428.4167
428.5000
428.5833
428.6667
428.7500
428.8333
428.9167
429.0000
429.0833
429.1667
429.2500
429.3333
429.4167
429.5000
429.5833
429.6667
429.7500
429.8333
429.9167
430.0000
430.0833
430.1667
430.2500
430.3333
430.4167
430.5000
430.5833
430.6667
430.7500
430.8333
430.9167
431.0000
431.0833
431.1667
431.2500
431.3333
431.4167
431.5000
431.5833
431.6667
431.7500
431.8333
431.9167
432.0000
432.0833
432.1667
432.2500
432.3333
432.4167
432.5000
432.5833
432.6667
432.7500
432.8333
432.9167
433.0000
433.0833
433.1667
433.2500
433.3333
433.4167
433.5000
433.5833
433.6667
433.7500
433.8333
433.9167
434.0000
434.0833
434.1667
434.2500
434.3333
434.4167
434.5000
434.5833
434.6667
434.7500
434.8333
434.9167
435.0000
435.0833
435.1667
435.2500
435.3333
435.4167
435.5000
435.5833
435.6667
435.7500
435.8333
435.9167
436.0000
436.0833
436.1667
436.2500
436.3333
436.4167
436.5000
436.5833
436.6667
436.7500
436.8333
436.9167
437.0000
437.0833
437.1667
437.2500
437.3333
437.4167
437.5000
437.5833
437.6667
437.7500
437.8333
437.9167
438.0000
438.0833
438.1667
438.2500
438.3333
438.4167
438.5000
438.5833
438.6667
438.7500
438.8333
438.9167
439.0000
439.0833
439.1667
439.2500
439.3333
439.4167
439.5000
439.5833
439.6667
439.7500
439.8333
439.9167
440.0000
440.0833
440.1667
440.2500
440.3333
440.4167
440.5000
440.5833
440.6667
440.7500
440.8333
440.9167
441.0000
441.0833
441.1667
441.2500
441.3333
441.4167
441.5000
441.5833
441.6667
441.7500
441.8333
441.9167
442.0000
442.0833
442.1667
442.2500
442.3333
442.4167
442.5000
442.5833
442.6667
442.7500
442.8333
442.9167
443.0000
443.0833
443.1667
443.2500
443.3333
443.4167
443.5000
443.5833
443.6667
443.7500
443.8333
443.9167
444.0000
444.0833
444.1667
444.2500
444.3333
444.4167
444.5000
444.5833
444.6667
444.7500
444.8333
444.9167
445.0000
445.0833
445.1667
445.2500
445.3333
445.4167
445.5000
445.5833
445.6667
445.7500
445.8333
445.9167
446.0000
446.0833
446.1667
446.2500
446.3333
446.4167
446.5000
446.5833
446.6667
446.7500
446.8333
446.9167
447.0000
447.0833
447.1667
447.2500
447.3333
447.4167
447.5000
447.5833
447.6667
447.7500
447.8333
447.9167
448.0000
448.0833
448.1667
448.2500
448.3333
448.4167
448.5000
448.5833
448.6667
448.7500
448.8333
448.9167
449.0000
449.0833
449.1667
449.2500
449.3333
449.4167
449.5000
449.5833
449.6667
449.7500
449.8333
449.9167
450.0000
450.0833
450.1667
450.2500
450.3333
450.4167
450.5000
450.5833
450.6667
450.7500
450.8333
450.9167
451.0000
451.0833
451.1667
451.2500
451.3333
451.4167
451.5000
451.5833
451.6667
451.7500
451.8333
451.9167
452.0000
452.0833
452.1667
452.2500
452.3333
452.4167
452.5000
452.5833
452.6667
452.7500
452.8333
452.9167
453.0000
453.0833
453.1667
453.2500
453.3333
453.4167
453.5000
453.5833
453.6667
453.7500
453.8333
453.9167
454.0000
454.0833
454.1667
454.2500
454.3333
454.4167
454.5000
454.5833
454.6667
454.7500
454.8333
454.9167
455.0000
455.0833
455.1667
455.2500
455.3333
455.4167
455.5000
455.5833
455.6667
455.7500
455.8333
455.9167
456.0000