1.5          0.0           0.000
R            3046           0.040               5               2             150
R            3045           0.040               5               2             150
R            3189           0.040               5               2             150
R            3335           0.040               5               2             150
R            3488           0.040               5               2             150
R            3487           0.040               5               2             150
R            3486           0.040               5               2             150
R            3485           0.040               5               2             150
1.5          0.0           0.000
R            1670           0.040               5               2             150
R            1545           0.040               5               2          181.07
R            1421           0.040               5               2             150
R            1307           0.040               5               2             150
R            1195           0.040               5               2             150
R            1087           0.040               5               2          181.07
R             992           0.040               5               2          212.13
R             900           0.040               5               2          181.07
R             809           0.040               5               2             150
1.5          0.0           0.000
R            2872           0.040               5               2             150
R            3015           0.040               5               2          181.07
R            3159           0.040               5               2             150
R            3305           0.040               5               2          181.07
R            3458           0.040               5               2          181.07
R            3613           0.040               5               2          181.07
R            3769           0.040               5               2          181.07
R            3929           0.040               5               2          181.07
R            4100           0.040               5               2          212.13
R            4273           0.040               5               2             150
1.5          0.0           0.000
R            6621           0.040               5               2             150
R            6444           0.040               5               2             150
R            6265           0.040               5               2          181.07
R            6088           0.040               5               2          181.07
R            5909           0.040               5               2          181.07
R            5730           0.040               5               2          181.07
R            5551           0.040               5               2          181.07
R            5372           0.040               5               2             150
R            5373           0.040               5               2          181.07
R            5553           0.040               5               2          181.07
R            5554           0.040               5               2             150
R            5555           0.040               5               2             150
R            5376           0.040               5               2          181.07
R            5197           0.040               5               2          212.13
R            5017           0.040               5               2          212.13
R            4837           0.040               5               2          181.07
R            4658           0.040               5               2             150
R            4479           0.040               5               2          181.07
R            4302           0.040               5               2          181.07
R            4128           0.040               5               2             150
R            3958           0.040               5               2             150
1.5          0.0           0.000
R            4631           0.055               5               2             150
R            4630           0.055               5               2          181.07
R            4450           0.055               5               2          181.07
R            4449           0.055               5               2             150
R            4448           0.055               5               2             150
R            4447           0.055               5               2          181.07
R            4270           0.055               5               2          181.07
R            4269           0.055               5               2          181.07
R            4094           0.055               5               2          212.13
R            3923           0.055               5               2          212.13
R            3762           0.055               5               2          181.07
R            3761           0.055               5               2             150
R            3604           0.055               5               2             150
R            3603           0.055               5               2          181.07
R            3446           0.055               5               2          181.07
R            3445           0.055               5               2             150
R            3444           0.055               5               2          181.07
R            3290           0.055               5               2          181.07
R            3289           0.055               5               2             150
R            3143           0.055               5               2             150
R            2999           0.055               5               2             150
R            2856           0.055               5               2             150
R            2717           0.055               5               2             150
R            2579           0.055               5               2             150
R            2449           0.055               5               2             150
R            2450           0.055               5               2          181.07
R            2322           0.055               5               2          212.13
R            2195           0.055               5               2             150
R            2069           0.055               5               2             150
R            1943           0.055               5               2          181.07
R            1817           0.055               5               2          181.07
R            1690           0.055               5               2             150
R            1564           0.055               5               2          181.07
R            1439           0.055               5               2          212.13
R            1324           0.055               5               2             150
R            1211           0.055               5               2             150
R            1210           0.055               5               2             150
R            1209           0.055               5               2             150
R            1208           0.055               5               2          181.07
R            1320           0.055               5               2             150
R            1319           0.055               5               2          212.13
R            1432           0.055               5               2          181.07
R            1431           0.055               5               2             150
R            1430           0.055               5               2          181.07
R            1315           0.055               5               2          181.07
R            1203           0.055               5               2             150
R            1095           0.055               5               2          181.07
R             998           0.055               5               2          181.07
R             905           0.055               5               2             150
R             814           0.055               5               2             150
R             813           0.055               5               2             150
R             812           0.055               5               2             150
R             811           0.055               5               2          181.07
R             721           0.055               5               2          181.07
R             720           0.055               5               2          181.07
R             632           0.055               5               2          181.07
R             546           0.055               5               2             150
R             464           0.055               5               2             150
1.5          0.0           0.000
R            5145           0.045               5               2             150
R            5325           0.045               5               2          181.07
R            5505           0.045               5               2          181.07
R            5683           0.045               5               2          181.07
R            5863           0.045               5               2          212.13
R            6042           0.045               5               2          181.07
R            6043           0.045               5               2          181.07
R            6221           0.045               5               2             150
R            6400           0.045               5               2             150
R            6401           0.045               5               2             150
R            6402           0.045               5               2             150
R            6403           0.045               5               2             150
R            6404           0.045               5               2             150
R            6405           0.045               5               2          181.07
R            6228           0.045               5               2          181.07
R            6051           0.045               5               2             150
R            5873           0.045               5               2             150
R            5693           0.045               5               2          181.07
R            5515           0.045               5               2          181.07
R            5336           0.045               5               2          181.07
R            5516           0.045               5               2          212.13
R            5694           0.045               5               2          181.07
R            5874           0.045               5               2             150
R            6052           0.045               5               2             150
R            6053           0.045               5               2          181.07
R            5876           0.045               5               2             150
R            5698           0.045               5               2          181.07
R            5520           0.045               5               2             150
R            5521           0.045               5               2             150
R            5522           0.045               5               2             150
R            5523           0.045               5               2          181.07
R            5345           0.045               5               2          212.13
R            5166           0.045               5               2          212.13
R            4988           0.045               5               2          212.13
R            4810           0.045               5               2             150
R            4811           0.045               5               2             150
R            4812           0.045               5               2          181.07
R            4634           0.045               5               2          181.07
R            4455           0.045               5               2             150
R            4456           0.045               5               2          181.07
R            4281           0.045               5               2          181.07
R            4107           0.045               5               2             150
R            4108           0.045               5               2             150
R            4109           0.045               5               2             150
R            4110           0.045               5               2          181.07
R            4285           0.045               5               2          181.07
R            4286           0.045               5               2             150
R            4287           0.045               5               2             150
R            4288           0.045               5               2             150
R            4114           0.045               5               2             150
R            3944           0.045               5               2          181.07
R            3784           0.045               5               2             150
R            3627           0.045               5               2          212.13
R            3472           0.045               5               2          181.07
R            3319           0.045               5               2          181.07
R            3172           0.045               5               2          181.07
R            3028           0.045               5               2             150
R            2885           0.045               5               2          181.07
R            2747           0.045               5               2             150
R            2609           0.045               5               2             150
R            2480           0.045               5               2             150
R            2352           0.045               5               2          212.13
R            2482           0.045               5               2          181.07
R            2483           0.045               5               2          181.07
R            2355           0.045               5               2          181.07
R            2228           0.045               5               2          181.07
R            2229           0.045               5               2          181.07
R            2230           0.045               5               2             150
R            2231           0.045               5               2          181.07
R            2360           0.045               5               2          181.07
R            2361           0.045               5               2          181.07
R            2234           0.045               5               2          181.07
R            2235           0.045               5               2             150
R            2108           0.045               5               2          181.07
R            1983           0.045               5               2          181.07
R            1858           0.045               5               2             150
R            1731           0.045               5               2          181.07
R            1605           0.045               5               2             150
1.5          0.0           0.000
R            9330           0.040               5               2             150
R            9161           0.040               5               2          181.07
R            8991           0.040               5               2             150
R            8820           0.040               5               2             150
R            8648           0.040               5               2             150
R            8481           0.040               5               2             150
R            8315           0.040               5               2          181.07
R            8146           0.040               5               2          181.07
R            7976           0.040               5               2             150
R            7977           0.040               5               2             150
R            7808           0.040               5               2          181.07
R            7809           0.040               5               2             150
R            7639           0.040               5               2             150
R            7640           0.040               5               2             150
R            7641           0.040               5               2             150
R            7642           0.040               5               2             150
R            7643           0.040               5               2             150
R            7473           0.040               5               2          181.07
R            7304           0.040               5               2          181.07
R            7134           0.040               5               2             150
R            7135           0.040               5               2             150
R            6965           0.040               5               2             150
R            6966           0.040               5               2             150
R            6795           0.040               5               2             150
1.5          0.0           0.000
R            4123           0.040               5               2             150
R            4297           0.040               5               2             150
R            4473           0.040               5               2          181.07
R            4653           0.040               5               2          181.07
R            4654           0.040               5               2             150
R            4655           0.040               5               2             150
1.5          0.0           0.000
R            2875           0.040               5               2             150
R            2735           0.040               5               2          181.07
R            2734           0.040               5               2             150
R            2733           0.040               5               2          181.07
R            2594           0.040               5               2          212.13
R            2463           0.040               5               2          212.13
R            2333           0.040               5               2          212.13
R            2204           0.040               5               2          212.13
R            2331           0.040               5               2          181.07
R            2330           0.040               5               2             150
R            2329           0.040               5               2          181.07
R            2457           0.040               5               2          181.07
R            2456           0.040               5               2             150
R            2455           0.040               5               2             150
R            2454           0.040               5               2          181.07
R            2324           0.040               5               2             150
1.5          0.0           0.000
R            4121           0.040               5               2             150
R            4294           0.040               5               2          212.13
1.5          0.0           0.000
R           25922           0.030               5               2             150
R           25741           0.030               5               2             150
R           25563           0.030               5               2          181.07
R           25387           0.030               5               2          212.13
R           25212           0.030               5               2          212.13
R           25037           0.030               5               2          181.07
R           24863           0.030               5               2             150
R           24683           0.030               5               2             150
R           24503           0.031               5               2          181.07
R           24324           0.032               5               2          181.07
R           24141           0.032               5               2             150
R           23961           0.033               5               2          181.07
R           23780           0.033               5               2          212.13
R           23599           0.034               5               2          181.07
R           23425           0.034               5               2             150
R           23251           0.035               5               2          181.07
R           23078           0.036               5               2          212.13
R           22905           0.037               5               2          181.07
R           22732           0.038               5               2          181.07
R           22561           0.039               5               2          181.07
R           22390           0.040               5               2             150
R           22219           0.040               5               2             150
R           22218           0.040               5               2             150
R           22217           0.040               5               2          181.07
R           22046           0.040               5               2          212.13
R           21875           0.040               5               2          181.07
R           21704           0.040               5               2             150
R           21537           0.040               5               2             150
R           21374           0.040               5               2             150
R           21209           0.040               5               2             150
R           21045           0.040               5               2             150
R           21046           0.040               5               2             150
R           21047           0.040               5               2             150
R           21048           0.040               5               2             150
R           21049           0.040               5               2             150
R           20886           0.040               5               2          181.07
R           20725           0.040               5               2          181.07
R           20567           0.040               5               2             150
R           20413           0.040               5               2             150
R           20260           0.040               5               2             150
R           20106           0.040               5               2          181.07
R           19955           0.040               5               2          181.07
R           19804           0.040               5               2          181.07
R           19657           0.040               5               2          212.13
R           19517           0.040               5               2          212.13
R           19378           0.040               5               2          181.07
R           19238           0.040               5               2          181.07
R           19099           0.040               5               2          181.07
R           18960           0.040               5               2             150
R           18822           0.040               5               2          181.07
R           18688           0.040               5               2          212.13
R           18554           0.040               5               2          181.07
R           18419           0.040               5               2          181.07
R           18284           0.040               5               2          181.07
R           18146           0.040               5               2             150
R           18008           0.040               5               2             150
R           17869           0.040               5               2             150
R           17730           0.040               5               2             150
R           17591           0.040               5               2             150
R           17452           0.040               5               2          181.07
R           17314           0.040               5               2          181.07
R           17315           0.040               5               2             150
R           17316           0.040               5               2             150
R           17317           0.040               5               2             150
R           17318           0.040               5               2          181.07
R           17180           0.040               5               2          181.07
R           17181           0.040               5               2             150
R           17046           0.040               5               2             150
R           17047           0.040               5               2          181.07
R           16914           0.040               5               2          212.13
R           16781           0.040               5               2          181.07
R           16782           0.040               5               2             150
R           16783           0.040               5               2             150
R           16784           0.040               5               2          181.07
R           16919           0.040               5               2          181.07
R           16920           0.040               5               2             150
R           16921           0.040               5               2             150
R           16787           0.040               5               2             150
R           16653           0.040               5               2          181.07
R           16517           0.040               5               2          181.07
R           16383           0.040               5               2             150
R           16249           0.040               5               2          181.07
R           16114           0.040               5               2          181.07
R           15979           0.040               5               2             150
R           15844           0.040               5               2             150
R           15708           0.040               5               2          181.07
R           15570           0.040               5               2          181.07
R           15434           0.040               5               2             150
R           15298           0.040               5               2          181.07
R           15164           0.040               5               2          181.07
R           15030           0.040               5               2             150
R           14896           0.040               5               2             150
R           14762           0.040               5               2             150
R           14631           0.040               5               2             150
R           14630           0.040               5               2             150
R           14499           0.040               5               2          181.07
R           14367           0.040               5               2          181.07
R           14366           0.040               5               2          181.07
R           14239           0.040               5               2          181.07
R           14238           0.040               5               2          181.07
R           14114           0.040               5               2          181.07
R           13991           0.040               5               2             150
R           13992           0.040               5               2          181.07
R           13871           0.040               5               2          181.07
R           13749           0.040               5               2             150
R           13626           0.040               5               2             150
R           13504           0.040               5               2          181.07
R           13381           0.040               5               2             150
R           13258           0.040               5               2          181.07
R           13134           0.040               5               2             150
R           13011           0.040               5               2             150
R           12885           0.040               5               2             150
R           12758           0.040               5               2             150
R           12617           0.040               5               2             150
R           12474           0.040               5               2          181.07
R           12329           0.039               5               2          181.07
R           12181           0.039               5               2          181.07
R           12034           0.038               5               2          181.07
R           11886           0.038               5               2             150
R           11737           0.037               5               2             150
R           11589           0.037               5               2          181.07
R           11442           0.036               5               2          181.07
R           11296           0.035               5               2             150
R           11149           0.035               5               2          181.07
R           11003           0.035               5               2          181.07
R           10856           0.035               5               2          181.07
R           10708           0.035               5               2          212.13
R           10559           0.035               5               2             150
R           10410           0.035               5               2             181
R           10262           0.035               5               2             150
R           10110           0.035               5               2          181.07
R            9959           0.036               5               2          181.07
R            9807           0.037               5               2          181.07
R            9652           0.037               5               2          181.07
R            9653           0.038               5               2             150
R            9654           0.038               5               2             150
R            9498           0.039               5               2             150
R            9340           0.039               5               2          181.07
R            9172           0.040               5               2          212.13
R            9003           0.040               5               2          212.13
R            8833           0.040               5               2          181.07
R            8834           0.040               5               2          181.07
R            8662           0.040               5               2          181.07
R            8495           0.040               5               2             150
R            8329           0.040               5               2             150
R            8159           0.040               5               2             150
R            7989           0.040               5               2          181.07
R            7818           0.040               5               2          181.07
R            7648           0.040               5               2             150
R            7479           0.040               5               2             150
R            7480           0.040               5               2             150
R            7310           0.040               5               2          181.07
R            7141           0.040               5               2          212.13
R            6970           0.040               5               2          212.13
R            6798           0.040               5               2          181.07
R            6797           0.040               5               2             150
R            6796           0.040               5               2             150
R            6623           0.040               5               2          181.07
R            6446           0.040               5               2          181.07
R            6268           0.040               5               2             150
R            6091           0.040               5               2             150
R            5913           0.040               5               2          181.07
R            5735           0.040               5               2          181.07
R            5736           0.040               5               2             150
R            5737           0.040               5               2             150
R            5559           0.040               5               2             150
R            5380           0.040               5               2          181.07
R            5199           0.040               5               2          181.07
R            5020           0.040               5               2          181.07
R            4840           0.040               5               2          181.07
R            4661           0.040               5               2             150
R            4482           0.040               5               2             150
R            4306           0.040               5               2             150
R            4132           0.040               5               2             150
R            3962           0.040               5               2             150
R            3963           0.040               5               2             150
R            3803           0.040               5               2             150
R            3804           0.040               5               2             150
R            3805           0.040               5               2          181.07
R            3966           0.040               5               2          181.07
R            4136           0.040               5               2          181.07
R            4311           0.040               5               2          181.07
R            4312           0.040               5               2             150
R            4138           0.040               5               2             150
R            3968           0.040               5               2             150
R            3808           0.040               5               2             150
R            3651           0.040               5               2             150
R            3495           0.040               5               2          181.07
R            3341           0.040               5               2          181.07
R            3195           0.040               5               2             150
R            3051           0.040               5               2             150
R            2908           0.040               5               2             150
R            2769           0.040               5               2             150
R            2631           0.040               5               2             150
R            2501           0.040               5               2             150
R            2372           0.040               5               2          181.07
R            2245           0.040               5               2          181.07
R            2118           0.040               5               2             150
R            2119           0.040               5               2          181.07
R            1994           0.040               5               2          181.07
R            1995           0.040               5               2             150
R            1996           0.040               5               2          181.07
R            1872           0.040               5               2          212.13
R            1998           0.040               5               2          181.07
R            1999           0.040               5               2          181.07
R            2126           0.040               5               2          212.13
R            2254           0.040               5               2          212.13
R            2383           0.040               5               2          181.07
R            2384           0.040               5               2          181.07
R            2514           0.040               5               2          181.07
R            2515           0.040               5               2             150
R            2516           0.040               5               2             150
R            2517           0.040               5               2             150
R            2518           0.040               5               2          181.07
R            2390           0.040               5               2          212.13
R            2263           0.040               5               2          212.13
R            2137           0.040               5               2          181.07
R            2011           0.040               5               2             150
R            1886           0.040               5               2             150
R            1759           0.040               5               2             150
R            1633           0.040               5               2          181.07
R            1508           0.040               5               2          181.07
R            1394           0.040               5               2             150
R            1282           0.040               5               2             150
1.5          0.0           0.000
R            7806           0.040               5               2             150
R            7636           0.040               5               2             150
R            7466           0.040               5               2          181.07
R            7297           0.040               5               2          212.13
R            7126           0.040               5               2          181.07
R            6956           0.040               5               2          181.07
R            6784           0.040               5               2          181.07
R            6612           0.040               5               2          181.07
R            6434           0.040               5               2          181.07
R            6433           0.040               5               2             150
R            6255           0.040               5               2             150
R            6078           0.040               5               2          181.07
R            5901           0.040               5               2          181.07
R            5902           0.040               5               2          181.07
R            5724           0.040               5               2          181.07
R            5546           0.040               5               2             150
R            5367           0.040               5               2          181.07
R            5188           0.040               5               2          181.07
R            5009           0.040               5               2             150
R            4830           0.040               5               2             150
R            4651           0.040               5               2          181.07
R            4471           0.040               5               2          181.07
R            4470           0.040               5               2             150
R            4469           0.040               5               2             150
R            4468           0.040               5               2             150
R            4292           0.040               5               2             150
R            4118           0.040               5               2          181.07
R            3949           0.040               5               2          181.07
R            3950           0.040               5               2             150
R            3951           0.040               5               2             150
R            3952           0.040               5               2             150
R            3953           0.040               5               2          181.07
R            3794           0.040               5               2          181.07
R            3795           0.040               5               2             150
R            3796           0.040               5               2             150
R            3797           0.040               5               2             150
R            3640           0.040               5               2             150
R            3484           0.040               5               2             150
R            3331           0.040               5               2             150
R            3185           0.040               5               2          181.07
R            3042           0.040               5               2          181.07
R            2899           0.040               5               2             150
R            2900           0.040               5               2             150
R            2761           0.040               5               2             150
R            2623           0.040               5               2             150
R            2624           0.040               5               2             150
R            2625           0.040               5               2          181.07
R            2764           0.040               5               2          212.13
R            2904           0.040               5               2          181.07
R            2905           0.040               5               2          181.07
R            3049           0.040               5               2          181.07
R            3050           0.040               5               2             150
1.5          0.0           0.000
R            5856           0.040               5               2             150
R            5857           0.040               5               2          181.07
R            6036           0.040               5               2          181.07
R            6213           0.040               5               2          181.07
R            6392           0.040               5               2          212.13
R            6570           0.040               5               2          212.13
R            6743           0.040               5               2          212.13
R            6914           0.040               5               2          181.07
R            7085           0.040               5               2          181.07
R            7086           0.040               5               2          181.07
R            7257           0.040               5               2          212.13
R            7428           0.040               5               2             150
1.5          0.0           0.000
R           10522           0.040               5               2             150
R           10670           0.040               5               2          181.07
R           10816           0.040               5               2          181.07
R           10963           0.040               5               2          181.07
R           11109           0.040               5               2          212.13
R           11257           0.040               5               2          181.07
R           11403           0.040               5               2          181.07
R           11552           0.040               5               2          212.13
R           11701           0.040               5               2          212.13
R           11851           0.040               5               2          212.13
R           12000           0.040               5               2          212.13
R           12149           0.040               5               2          181.07
R           12150           0.040               5               2             150
R           12151           0.040               5               2             150
R           12152           0.040               5               2          181.07
R           12005           0.040               5               2          181.07
R           12006           0.040               5               2          181.07
R           11859           0.040               5               2          181.07
R           11860           0.040               5               2          181.07
R           11712           0.040               5               2          181.07
R           11713           0.040               5               2          181.07
R           11566           0.040               5               2          212.13
R           11419           0.040               5               2          181.07
R           11420           0.040               5               2             150
R           11421           0.040               5               2             150
R           11422           0.040               5               2             150
R           11423           0.040               5               2             150
R           11424           0.040               5               2          181.07
R           11279           0.040               5               2          181.07
R           11280           0.040               5               2             150
R           11133           0.040               5               2          181.07
R           10987           0.040               5               2          181.07
R           10988           0.040               5               2          181.07
R           10842           0.040               5               2          181.07
R           10843           0.040               5               2             150
R           10844           0.040               5               2          181.07
R           10698           0.040               5               2          181.07
R           10699           0.040               5               2             150
R           10551           0.040               5               2          181.07
R           10404           0.040               5               2          212.13
R           10257           0.040               5               2          181.07
R           10258           0.040               5               2             150
R           10259           0.040               5               2          181.07
R           10109           0.040               5               2             150
1.5          0.0           0.000
R            2876           0.040               5               2             150
R            2877           0.040               5               2             150
R            2878           0.040               5               2             150
R            3021           0.040               5               2             150
R            3022           0.040               5               2             150
R            3023           0.040               5               2             150
R            2880           0.040               5               2             150
R            2741           0.040               5               2          181.07
R            2604           0.040               5               2          212.13
R            2743           0.040               5               2          181.07
R            2744           0.040               5               2          181.07
R            2607           0.040               5               2          181.07
R            2608           0.040               5               2             150
1.5          0.0           0.000
R            2732           0.040               5               2             150
R            2593           0.040               5               2          181.07
R            2592           0.040               5               2             150
R            2462           0.040               5               2             150
1.5          0.0           0.000
R            1488           0.020               5               2             150
R            1374           0.020               5               2             150
R            1262           0.020               5               2             150
R            1154           0.020               5               2          181.07
R            1059           0.020               5               2          181.07
R             966           0.020               5               2             150
R             875           0.020               5               2             150
R             786           0.020               5               2             150
R             787           0.020               5               2             150
R             788           0.020               5               2          181.07
R             702           0.020               5               2          181.07
R             617           0.020               5               2             150
R             536           0.020               5               2             150
1.5          0.0           0.000
R            2073           0.040               5               2             150
R            2200           0.040               5               2             150
R            2328           0.040               5               2             150
1.5          0.0           0.000
R            5011           0.040               5               2             150
R            5190           0.040               5               2             150
R            5189           0.040               5               2             150
1.5          0.0           0.000
R            5907           0.040               5               2             150
R            5728           0.040               5               2             150
R            5727           0.040               5               2             150
R            5549           0.040               5               2             150
R            5548           0.040               5               2             150
R            5547           0.040               5               2             150
1.5          0.0           0.000
R            6578           0.040               5               2             150
R            6750           0.040               5               2             150
1.5          0.0           0.000
R            7595           0.040               5               2             150
R            7596           0.040               5               2             150
R            7597           0.040               5               2          181.07
R            7598           0.040               5               2             150
R            7429           0.040               5               2          212.13
R            7260           0.040               5               2          212.13
R            7091           0.040               5               2             150
1.5          0.0           0.000
R            6921           0.055               5               2             150
R            6922           0.055               5               2             150
R            6923           0.055               5               2          181.07
R            6753           0.055               5               2             150
R            6754           0.055               5               2             150
1.5          0.0           0.000
R            2444           0.040               5               2             150
R            2445           0.040               5               2             150
R            2446           0.040               5               2             150
R            2447           0.040               5               2             150
R            2448           0.040               5               2             150
1.5          0.0           0.000
R            6081           0.040               5               2             150
R            6258           0.040               5               2             150
R            6436           0.040               5               2          181.07
R            6614           0.040               5               2          181.07
R            6615           0.040               5               2          181.07
R            6439           0.040               5               2          181.07
R            6440           0.040               5               2             150
1.5          0.0           0.000
R            3461           0.040               5               2             150
R            3308           0.040               5               2             150
R            3162           0.040               5               2             150
R            3018           0.040               5               2             150
1.5          0.0           0.000
R            7451           0.040               5               2             150
R            7281           0.040               5               2          181.07
R            7110           0.040               5               2          181.07
R            6940           0.040               5               2             150
R            6769           0.040               5               2          181.07
R            6596           0.040               5               2          181.07
R            6419           0.040               5               2          181.07
R            6240           0.040               5               2          181.07
R            6063           0.040               5               2             150
R            5885           0.040               5               2          181.07
R            5705           0.040               5               2          181.07
R            5527           0.040               5               2             150
R            5348           0.040               5               2          181.07
R            5167           0.040               5               2             150
1.5          0.0           0.000
R            2096           0.040               5               2             150
R            2223           0.040               5               2             150
R            2351           0.040               5               2             150
1.5          0.0           0.000
R            1846           0.040               5               2             150
R            1971           0.040               5               2             150
R            1970           0.040               5               2          181.07
R            2095           0.040               5               2          212.13
R            2221           0.040               5               2          212.13
R            2348           0.040               5               2          181.07
R            2347           0.040               5               2             150
R            2346           0.040               5               2             150
R            2345           0.040               5               2             150
R            2474           0.040               5               2             150
1.5          0.0           0.000
R            5883           0.040               5               2             150
R            6060           0.040               5               2          181.07
R            6237           0.040               5               2             150
R            6415           0.040               5               2             150
R            6592           0.040               5               2             150
R            6764           0.040               5               2             150
1.5          0.0           0.000
R            2494           0.040               5               2             150
R            2365           0.040               5               2             150
R            2366           0.040               5               2             150
R            2367           0.040               5               2             150
R            2239           0.040               5               2          181.07
R            2113           0.040               5               2          181.07
R            1987           0.040               5               2             150
R            1986           0.040               5               2             150
R            1862           0.040               5               2             150
1.5          0.0           0.000
R             369           0.035               5               2             150
R             441           0.035               5               2          181.07
R             517           0.035               5               2          181.07
R             599           0.035               5               2             150
R             684           0.035               5               2          181.07
R             772           0.035               5               2          212.13
R             862           0.035               5               2          181.07
R             953           0.035               5               2          181.07
R            1047           0.035               5               2          212.13
R            1144           0.035               5               2          212.13
R            1253           0.035               5               2          181.07
R            1254           0.035               5               2             150
R            1366           0.035               5               2          181.07
R            1481           0.035               5               2             150
R            1606           0.035               5               2             150
R            1733           0.035               5               2          181.07
R            1734           0.035               5               2             150
R            1735           0.035               5               2          181.07
R            1610           0.035               5               2          181.07
R            1611           0.035               5               2             150
R            1612           0.035               5               2          181.07
R            1739           0.035               5               2          212.13
R            1867           0.035               5               2          181.07
R            1868           0.035               5               2             150
1.5          0.0           0.000
R            7469           0.040               5               2             150
R            7299           0.040               5               2             150
R            7298           0.040               5               2             150
1.5          0.0           0.000
R           10067           0.040               5               2             150
R           10068           0.040               5               2             150
R           10069           0.040               5               2             150
R           10070           0.040               5               2             150
R           10071           0.040               5               2             150
R           10072           0.040               5               2             150
R           10073           0.040               5               2             150
R           10224           0.040               5               2          181.07
R           10373           0.040               5               2          181.07
R           10374           0.040               5               2             150
R           10226           0.040               5               2          181.07
R           10076           0.040               5               2          212.13
R            9926           0.040               5               2             150
R            9927           0.040               5               2             150
R            9928           0.040               5               2             150
R            9929           0.040               5               2             150
R            9930           0.040               5               2          181.07
R            9779           0.040               5               2          181.07
R            9623           0.040               5               2          181.07
R            9467           0.040               5               2          181.07
R            9308           0.040               5               2          181.07
R            9141           0.040               5               2          212.13
R            8972           0.040               5               2          212.13
R            8802           0.040               5               2          212.13
R            8630           0.040               5               2          181.07
R            8463           0.040               5               2          181.07
R            8296           0.040               5               2          212.13
R            8125           0.040               5               2          181.07
R            7955           0.040               5               2          181.07
R            7784           0.040               5               2          181.07
R            7783           0.040               5               2          181.07
R            7612           0.040               5               2          181.07
R            7611           0.040               5               2          181.07
R            7440           0.040               5               2          181.07
R            7439           0.040               5               2          181.07
R            7268           0.040               5               2          212.13
R            7097           0.040               5               2          212.13
R            6926           0.040               5               2             150
R            6755           0.040               5               2             150
R            6582           0.040               5               2             150
1.5          0.0           0.000
R            1112           0.040               5               2             150
R            1221           0.040               5               2          181.07
R            1333           0.040               5               2          181.07
R            1448           0.040               5               2          181.07
R            1572           0.040               5               2          181.07
R            1699           0.040               5               2          181.07
R            1826           0.040               5               2             150
R            1951           0.040               5               2             150
R            2077           0.040               5               2             150
1.5          0.0           0.000
R            1578           0.040               5               2             150
R            1577           0.040               5               2          181.07
R            1702           0.040               5               2          212.13
R            1575           0.040               5               2          181.07
R            1574           0.040               5               2             150
R            1573           0.040               5               2             150
1.5          0.0           0.000
R            6254           0.040               5               2             150
R            6432           0.040               5               2             150
R            6609           0.040               5               2             150
1.5          0.0           0.000
R            1212           0.060               5               2             150
R            1104           0.060               5               2          181.07
R            1007           0.060               5               2          181.07
R             914           0.060               5               2          181.07
R             822           0.060               5               2          181.07
R             733           0.060               5               2          181.07
R             645           0.060               5               2          212.13
R             559           0.060               5               2          181.07
R             477           0.060               5               2             150
R             402           0.060               5               2             150
R             330           0.060               5               2             150
1.5          0.0           0.000
R             828           0.040               5               2             150
R             920           0.040               5               2          181.07
R             921           0.040               5               2             150
R            1014           0.040               5               2          181.07
R            1111           0.040               5               2             150
1.5          0.0           0.000
R             835           0.040               5               2             150
R             926           0.040               5               2             150
R             925           0.040               5               2             150
R             924           0.040               5               2             150
R             923           0.040               5               2             150
R            1016           0.040               5               2             150
1.5          0.0           0.000
R            1601           0.040               5               2             150
R            1477           0.040               5               2          181.07
R            1364           0.040               5               2             150
1.5          0.0           0.000
R            1847           0.040               5               2             150
R            1973           0.040               5               2          181.07
R            2099           0.040               5               2             150
R            2226           0.040               5               2             150
R            2354           0.040               5               2             150
1.5          0.0           0.000
R           37086           0.035              50               6             150
R           37087           0.035             100               8             150
R           36919           0.035             100               8          181.07
R           36755           0.035             100               8          181.07
R           36595           0.035             100               8             150
R           36439           0.035             100               8          181.07
R           36438           0.035             100               8             150
R           36437           0.035             100               8          181.07
R           36436           0.035             100               8             150
R           36435           0.035             100               8             150
R           36434           0.035             100               8             150
R           36277           0.035             100               8          181.07
R           36121           0.035             100               8          181.07
R           35965           0.035             100               8             150
R           35809           0.035             100               8             150
R           35653           0.035             100               8             150
R           35496           0.035             100               8             150
R           35339           0.035             100               8          181.07
R           35179           0.035             100               8             150
R           35018           0.035             100               8          181.07
R           34856           0.035             100               8             150
R           34688           0.035             100               8             150
R           34520           0.035             100               8             150
R           34353           0.035             100               8          181.07
R           34182           0.035             100               8          181.07
R           33999           0.035             100               8             150
R           33816           0.035             100               8             150
R           33633           0.035             100               8             150
R           33450           0.035             100               8             150
R           33266           0.035             100               8             150
R           33080           0.035             100               8             150
R           32894           0.035             100               8             150
R           32709           0.035             100               8             150
R           32525           0.035             100               8             150
R           32341           0.035             100               8          181.07
R           32157           0.035             100               8             150
R           31974           0.035             100               8             150
R           31790           0.035             100               8          181.07
R           31606           0.035             100               8             150
R           31419           0.035             100               8          181.07
R           31231           0.035             100               8             150
R           31041           0.035             100               8             150
R           30851           0.035             100               8          181.07
R           30660           0.035             100               8             150
R           30469           0.035             100               8             150
R           30468           0.035             100               8             150
R           30467           0.035             100               8             150
R           30466           0.035             100               8          181.07
R           30273           0.035             100               8          181.07
R           30272           0.035             100               8             150
R           30271           0.035             100               8          181.07
R           30077           0.035             100               8          181.07
R           29884           0.035             100               8             150
R           29690           0.035             100               8          181.07
R           29495           0.035             100               8          181.07
R           29291           0.035             100               8             150
R           29088           0.035             100               8             150
R           28885           0.035             100               8             150
R           28682           0.035             100               8             150
R           28479           0.035             100               8             150
R           28478           0.035             100               8          181.07
R           28680           0.035             100               8          212.13
R           28476           0.035             100               8          181.07
R           28475           0.035             100               8          181.07
R           28272           0.035             100               8          212.13
R           28066           0.035             100               8          212.13
R           27860           0.035             100               8          181.07
R           27656           0.035             100               8             150
R           27454           0.035             100               8             150
R           27256           0.035             100               8          181.07
R           27060           0.035             100               8          212.13
R           26867           0.035             100               8          181.07
R           26866           0.035             100               8             150
R           26865           0.035             100               8             150
R           26864           0.035             100               8             150
R           26863           0.035             100               8          181.07
R           26673           0.035             100               8          212.13
R           26486           0.035             100               8          212.13
R           26301           0.030             100               8          181.07
R           26300           0.030             100               8             150
R           26299           0.030             100               8             150
R           26298           0.030             100               8             150
R           26297           0.030             100               8          181.07
R           26480           0.030             100               8          181.07
R           26479           0.030             100               8          181.07
R           26294           0.030             100               8          181.07
R           26293           0.030             100               8             150
R           26292           0.030             100               8             150
R           26291           0.030             100               8             150
R           26290           0.030             100               8          181.07
R           26473           0.030             100               8          212.13
R           26288           0.030             100               8          181.07
R           26287           0.030             100               8             150
R           26286           0.030             100               8          181.07
R           26104           0.030             100               8          181.07
R           26103           0.030             100               8             150
R           26102           0.030             100               8             150
R           26101           0.030             100               8             150
R           26100           0.030             100               8             150
R           26099           0.040             100               8             150
1.5          0.0           0.000
R                           0.035              60               9             150
R                           0.035              60               9             150
R                           0.035              60               9          181.07
R                           0.035              60               9          181.07
R                           0.035              60               9             150
R                           0.035              60               9             150
R                           0.035              60               9             150
R                           0.035              60               9          181.07
R                           0.035              60               9          212.13
R                           0.035              60               9          212.13
R                           0.035              60               9          181.07
R                           0.035              60               9             150
R                           0.035              60               9             150
R                           0.035              60               9          181.07
R                           0.035              60               9             150
R                           0.035              60               9          181.07
R                           0.035              60               9          181.07
R                           0.035              60               9          181.07
R                           0.035              60               9             150
R                           0.035              60               9             150
R                           0.035              60               9             150
R                           0.035              60               9             150
R                           0.035              60               9             150
R                           0.035              60               9             150
R                           0.035              60               9          181.07
R                           0.035              60               9          181.07
R                           0.035              60               9             150
R                           0.035              60               9          181.07
R                           0.035              60               9          212.13
R                           0.035              60               9          181.07
R                           0.035              60               9             150
R                           0.035              60               9             150
R                           0.035              60               9          181.07
R           37814           0.035              60               9          181.07
R           37688           0.035              60               9          181.07
R           37560           0.035              60               9          181.07
R           37416           0.035              60               9             150
R           37254           0.035              60               9             150
C             809             720
C            2872            2733
C            4123            3952
C            4121            3951
C            3958            3797
C            3485            3484
C            4294            4471
C            2876            2875
C            2608            2609
C            2462            2333
C            2732            2733
C            2328            2457
C             702             617
C            5189            5188
C            5547            5546
C            6750            6921
C            6754            6755
C            7091            6921
C            7428            7598
C            6582            6405
C            2448            2449
C            6081            5902
C            3018            2875
C            5167            5166
C            2351            2480
C            2474            2604
C            2096            1970
C            5883            5705
C            1862            1735
C            1488            1612
C            7298            7297
C            2077            2204
C            1573            1572
C            1324            1212
C            1212            1211
C            4631            4810
C            4273            4449
C            6578            6401
C           10522           10374
C            1111            1112
C            1016            1112
C            1364            1253
C            2354            2483
C            1605            1481
C           25922           26100
C           37254           37087
C            6254            6078
C            2324            2195
C            1868            1994
C            3050            3051
C           10109            9959