time,Urumewella_A&T Labs,Kotikawatta_Leecom,Kahawatta_Icharm,Kalawana_Icharm,Kalutara_Icharm,Dompe_Icharm,Uduwawala_CUrW IoT,Orugodawatta_CUrW IoT,Mahapallegama_A&T Labs,Kottawa North Dharmapala School_Leecom,IBATTARA2_CUrW IoT,Hingurana_CUrW IoT,Jaffna_CUrW IoT,Kohuwala_A&T Labs,Ambewela Farm_A&T Labs,Ratnapura_Icharm,Mulleriyawa_A&T Labs
2019-05-29 00:00:00,0.000,0.000,0.000,0.000,0.000,0.000,,,0.000,0.000,,,0.000,0.000,0.000,0.000,
2019-05-29 00:15:00,0.000,0.000,0.000,0.000,0.000,0.000,,,0.000,0.000,,,0.000,0.000,0.000,0.000,
2019-05-29 00:30:00,0.000,0.000,0.000,0.000,0.000,0.000,,,0.000,0.000,,,0.000,0.000,0.000,0.000,
2019-05-29 00:45:00,0.000,0.000,0.000,0.000,0.000,0.000,,,0.000,0.000,,,0.000,0.000,0.000,0.000,
2019-05-29 01:00:00,0.000,0.000,0.000,0.000,0.000,0.000,,,0.000,0.000,,,0.000,0.000,0.000,0.000,
2019-05-29 01:15:00,0.000,0.000,0.000,0.000,0.000,0.050,,,0.000,0.000,,,0.000,0.000,0.000,0.000,
2019-05-29 01:30:00,0.000,0.000,0.000,0.000,0.000,0.050,,,0.000,0.000,,,0.000,0.000,0.000,0.000,
2019-05-29 01:45:00,0.000,0.000,0.000,0.000,0.000,0.050,,,0.000,0.000,,,0.000,0.000,0.000,0.000,
2019-05-29 02:00:00,0.000,0.000,0.000,0.000,0.000,0.050,,,0.000,0.000,,,0.000,0.000,0.000,0.000,
2019-05-29 02:15:00,0.000,0.000,0.000,0.000,0.000,0.150,,,0.000,0.000,,,0.000,0.000,0.000,0.450,
2019-05-29 02:30:00,0.000,0.000,0.000,0.000,0.000,0.150,,,0.000,0.000,,,0.000,0.000,0.000,0.450,
2019-05-29 02:45:00,0.000,0.000,0.000,0.000,0.000,0.150,,,0.000,0.000,,,0.000,0.000,0.000,0.450,
2019-05-29 03:00:00,0.000,0.000,0.000,0.000,0.000,0.150,,,0.100,0.000,,,0.000,0.000,0.000,0.450,
2019-05-29 03:15:00,0.000,0.000,0.000,0.000,0.000,0.000,,,0.000,0.000,,,0.000,0.000,0.000,0.000,
2019-05-29 03:30:00,0.000,0.000,0.000,0.000,0.000,0.000,,,0.000,0.000,,,0.000,0.000,0.000,0.000,
2019-05-29 03:45:00,0.000,0.000,0.000,0.000,0.000,0.000,,,0.000,0.000,,,0.000,0.000,0.000,0.000,
2019-05-29 04:00:00,0.000,0.000,0.000,0.000,0.000,0.000,,,0.000,0.000,,,0.000,0.000,0.000,0.000,
2019-05-29 04:15:00,0.000,0.000,0.000,0.000,0.000,0.000,,,0.000,0.000,,,0.000,0.000,0.000,0.050,
2019-05-29 04:30:00,0.000,0.000,0.000,0.000,0.000,0.000,,,0.000,0.000,,,0.000,0.000,0.000,0.050,
2019-05-29 04:45:00,0.000,0.000,0.000,0.000,0.000,0.000,,,0.000,0.000,,,0.000,0.000,0.000,0.050,
2019-05-29 05:00:00,0.000,0.000,0.000,0.000,0.000,0.000,,,0.000,0.000,,,0.000,0.000,0.000,0.050,
2019-05-29 05:15:00,0.000,1.400,0.000,0.000,0.000,0.000,,,0.000,0.000,,,0.000,0.000,0.000,0.000,
2019-05-29 05:30:00,0.000,3.800,0.000,0.000,0.000,0.000,,,0.000,0.000,,,0.000,0.000,0.000,0.000,
2019-05-29 05:45:00,0.000,0.400,0.000,0.000,0.000,0.000,,,0.000,0.000,,,0.000,0.000,0.000,0.000,
2019-05-29 06:00:00,0.000,0.000,0.000,0.000,0.000,0.000,,,0.000,0.000,,,0.000,0.000,0.000,0.000,
2019-05-29 06:15:00,0.000,0.000,0.000,0.000,0.000,0.000,,,0.000,0.000,,,0.000,0.000,0.000,0.000,
2019-05-29 06:30:00,0.000,0.000,0.000,0.000,0.000,0.000,,,0.000,0.000,,,0.000,0.000,0.000,0.000,
2019-05-29 06:45:00,0.000,0.000,0.000,0.000,0.000,0.000,,,0.000,0.000,,,0.000,0.000,0.000,0.000,
2019-05-29 07:00:00,0.000,0.000,0.000,0.000,0.000,0.000,,,0.000,0.000,,,0.000,0.000,0.000,0.000,
2019-05-29 07:15:00,0.000,0.000,0.000,0.000,0.000,0.000,,,0.000,0.000,,,0.000,0.000,0.000,0.000,
2019-05-29 07:30:00,0.000,0.000,0.000,0.000,0.000,0.000,,,0.000,0.000,,,0.000,0.000,0.000,0.000,
2019-05-29 07:45:00,0.000,0.000,0.000,0.000,0.000,0.000,,,0.000,0.000,,,0.000,0.000,0.000,0.000,
2019-05-29 08:00:00,0.000,0.000,0.000,0.000,0.000,0.000,,,0.000,0.000,,,0.000,2.800,0.000,0.000,
2019-05-29 08:15:00,0.000,0.000,0.000,0.000,0.000,0.000,,,0.000,0.000,,,0.000,1.200,0.000,0.000,
2019-05-29 08:30:00,0.000,0.000,0.000,0.000,0.000,0.000,,,0.000,0.000,,,0.000,0.100,0.000,0.000,
2019-05-29 08:45:00,0.000,0.000,0.000,0.000,0.000,0.000,,,0.000,0.000,,,0.000,0.000,0.000,0.000,
2019-05-29 09:00:00,0.000,0.000,0.000,0.000,0.000,0.000,,,0.000,0.000,,,0.000,0.000,0.000,0.000,
2019-05-29 09:15:00,0.000,0.000,0.000,0.000,0.000,0.000,,,0.000,0.000,,,0.000,0.000,0.000,0.000,
2019-05-29 09:30:00,0.000,0.000,0.000,0.000,0.000,0.000,,,0.000,0.000,,,0.000,0.000,0.000,0.000,
2019-05-29 09:45:00,0.000,0.000,0.000,0.000,0.000,0.000,,,0.000,0.000,,,0.000,0.000,0.000,0.000,
2019-05-29 10:00:00,0.000,0.000,0.000,0.000,0.000,0.000,,,0.000,0.000,,,0.000,0.000,0.000,0.000,
2019-05-29 10:15:00,0.000,0.000,0.000,0.000,0.000,0.000,,,0.000,0.000,,,0.000,0.000,0.000,0.000,
2019-05-29 10:30:00,0.000,0.000,0.000,0.000,0.000,0.000,,,0.000,0.000,,,0.000,0.000,0.000,0.000,
2019-05-29 10:45:00,0.000,0.000,0.000,0.000,0.000,0.000,,,0.000,0.000,,,0.000,0.000,0.000,0.000,
2019-05-29 11:00:00,0.000,0.000,0.000,0.000,0.000,0.000,,,0.000,0.000,,,0.000,0.000,0.000,0.000,
2019-05-29 11:15:00,0.000,0.000,0.000,0.000,0.000,0.000,,,0.000,0.000,,,0.000,0.000,0.000,0.000,
2019-05-29 11:30:00,0.000,0.000,0.000,0.000,0.000,0.000,,,0.000,0.000,,,0.000,0.000,0.000,0.000,
2019-05-29 11:45:00,0.000,0.000,0.000,0.000,0.000,0.000,,,0.000,0.000,,,0.000,0.000,0.000,0.000,
2019-05-29 12:00:00,0.000,0.000,0.000,0.000,0.000,0.000,,,0.000,0.000,,,0.000,0.000,0.000,0.000,
2019-05-29 12:15:00,0.000,0.000,0.000,0.000,0.000,0.000,,,0.000,0.000,,,0.000,0.000,0.000,0.000,
2019-05-29 12:30:00,0.000,0.000,0.000,0.000,0.000,0.000,,,0.000,0.000,,,0.000,0.000,0.000,0.000,
2019-05-29 12:45:00,0.000,0.000,0.000,0.000,0.000,0.000,,,0.000,0.000,,,0.000,0.000,0.000,0.000,
2019-05-29 13:00:00,0.000,0.000,0.000,0.000,0.000,0.000,,,0.000,0.000,,,0.000,0.000,0.000,0.000,
2019-05-29 13:15:00,0.000,0.000,0.000,0.000,0.000,0.000,,,0.000,0.000,,,0.000,0.000,0.000,0.000,
2019-05-29 13:30:00,0.000,0.000,0.000,0.000,0.000,0.000,,,0.000,0.000,,,0.000,0.000,0.000,0.000,
2019-05-29 13:45:00,0.000,0.000,0.000,0.000,0.000,0.000,,,0.000,0.000,,,0.000,0.000,0.000,0.000,
2019-05-29 14:00:00,0.000,0.000,0.000,0.000,0.000,0.000,,,0.000,0.000,,,0.000,0.000,0.000,0.000,
2019-05-29 14:15:00,0.000,0.000,0.600,0.000,0.000,0.000,,,0.000,0.000,,,0.000,0.000,0.000,0.000,
2019-05-29 14:30:00,0.000,0.000,0.600,0.000,0.000,0.000,,,0.000,0.000,,,0.000,0.000,0.000,0.000,
2019-05-29 14:45:00,0.000,0.000,0.600,0.000,0.000,0.000,,,0.000,0.000,,,0.000,0.000,0.000,0.000,
2019-05-29 15:00:00,0.000,0.000,0.600,0.000,0.000,0.000,,,0.000,0.000,,,0.000,0.000,0.000,0.000,
2019-05-29 15:15:00,0.000,0.000,0.000,0.000,0.000,0.000,,,0.000,0.000,,,0.000,0.000,0.000,0.200,
2019-05-29 15:30:00,0.000,0.000,0.000,0.000,0.000,0.000,,,0.000,,,,0.000,0.000,0.000,0.200,
2019-05-29 15:45:00,0.000,0.000,0.000,0.000,0.000,0.000,,,0.000,,,,0.000,0.000,0.000,0.200,
2019-05-29 16:00:00,0.000,0.000,0.000,0.000,0.000,0.000,,,0.000,,,,0.000,0.000,0.000,0.200,
2019-05-29 16:15:00,0.000,0.000,0.200,0.000,0.000,0.000,,,0.000,,,,0.000,0.000,0.000,0.000,
2019-05-29 16:30:00,0.000,0.000,0.200,0.000,0.000,0.000,,,0.000,,,,0.000,0.000,0.000,0.000,
2019-05-29 16:45:00,0.000,0.000,0.200,0.000,0.000,0.000,,,0.000,,,,0.000,0.000,0.000,0.000,
2019-05-29 17:00:00,0.000,0.000,0.200,0.000,0.000,0.000,,,0.000,,,,0.000,0.000,0.000,0.000,
2019-05-29 17:15:00,0.000,0.000,0.000,0.000,0.050,0.000,,,0.000,,,,0.000,0.000,0.000,0.000,
2019-05-29 17:30:00,0.000,0.000,0.000,0.000,0.050,0.000,,,0.000,,,,0.000,0.000,0.000,0.000,
2019-05-29 17:45:00,0.000,0.000,0.000,0.000,0.050,0.000,,,0.000,,,,0.000,0.000,0.000,0.000,
2019-05-29 18:00:00,0.000,0.000,0.000,0.000,0.050,0.000,,,0.000,,,,0.000,0.000,0.000,0.000,
2019-05-29 18:15:00,0.000,0.000,0.000,0.000,0.000,0.000,,,0.000,,,,0.000,0.000,0.000,0.000,
2019-05-29 18:30:00,0.000,,0.000,0.000,0.000,0.000,,,0.000,,,,0.000,0.000,0.000,0.000,
2019-05-29 18:45:00,0.000,,0.000,0.000,0.000,0.000,,,0.000,,,,0.000,0.000,0.000,0.000,
2019-05-29 19:00:00,0.000,,0.000,0.000,0.000,0.000,,,0.000,,,,0.000,0.000,0.000,0.000,
2019-05-29 19:15:00,0.000,,0.000,0.000,0.000,0.000,,,0.000,,,,0.000,0.000,0.000,0.000,
2019-05-29 19:30:00,0.000,,0.000,0.000,0.000,0.000,,,0.000,,,,0.000,0.000,0.000,0.000,
2019-05-29 19:45:00,0.000,,0.000,0.000,0.000,0.000,,,0.000,,,,0.000,0.000,0.000,0.000,
2019-05-29 20:00:00,0.000,,0.000,0.000,0.000,0.000,,,0.000,,,,0.000,,0.000,0.000,
2019-05-29 20:15:00,0.000,,0.000,0.000,0.000,0.000,,,0.000,,,,0.000,,0.000,0.000,
2019-05-29 20:30:00,0.000,,0.000,0.000,0.000,0.000,,,0.000,,,,0.000,,0.000,0.000,
2019-05-29 20:45:00,0.000,,0.000,0.000,0.000,0.000,,,0.000,,,,0.000,,0.000,0.000,
2019-05-29 21:00:00,0.000,,0.000,0.000,0.000,0.000,,,0.000,,,,0.000,,0.000,0.000,
2019-05-29 21:15:00,0.000,,0.000,0.000,0.000,0.000,,,0.000,,,,0.000,,0.000,0.000,
2019-05-29 21:30:00,0.000,,0.000,0.000,0.000,0.000,,,0.000,,,,0.000,,0.000,0.000,
2019-05-29 21:45:00,0.000,,0.000,0.000,0.000,0.000,,,0.000,,,,0.000,,0.000,0.000,
2019-05-29 22:00:00,0.000,,0.000,0.000,0.000,0.000,,,0.000,,,,0.000,,0.000,0.000,
2019-05-29 22:15:00,0.000,,0.000,0.000,0.000,0.050,,,0.000,,,,0.000,,0.000,0.000,
2019-05-29 22:30:00,0.000,,0.000,0.000,0.000,0.050,,,0.000,,,,0.000,,0.000,0.000,
2019-05-29 22:45:00,0.000,,0.000,0.000,0.000,0.050,,,0.000,,,,0.000,,0.000,0.000,
2019-05-29 23:00:00,0.000,,0.000,0.000,0.000,0.050,,,0.000,,,,0.000,,0.000,0.000,
2019-05-29 23:15:00,0.000,,0.000,0.000,0.000,0.000,,,0.000,,,,0.000,,0.000,0.000,
2019-05-29 23:30:00,0.000,,0.000,0.000,0.000,0.000,,,0.000,,,,0.000,,0.000,0.000,
2019-05-29 23:45:00,0.000,,0.000,0.000,0.000,0.000,,,0.000,,,,0.000,,0.000,0.000,
2019-05-30 00:00:00,0.000,,0.000,0.000,0.000,0.000,,,0.000,,,,0.000,,0.000,0.000,
2019-05-30 00:15:00,0.000,,0.000,0.000,0.000,0.000,,,0.000,,,,0.000,,0.000,0.000,
2019-05-30 00:30:00,0.000,,0.000,0.000,0.000,0.000,,,0.000,,,,0.000,,0.000,0.000,
2019-05-30 00:45:00,0.000,,0.000,0.000,0.000,0.000,,,0.000,,,,0.000,,0.000,0.000,
2019-05-30 01:00:00,0.000,,0.000,0.000,0.000,0.000,,,0.000,,,,0.000,,0.000,0.000,
2019-05-30 01:15:00,0.000,,0.000,0.000,0.000,0.000,,,0.000,,,,0.000,,0.000,0.000,
2019-05-30 01:30:00,0.000,,0.000,0.000,0.000,0.000,,,0.000,,,,0.000,,0.000,0.000,
2019-05-30 01:45:00,0.000,,0.000,0.000,0.000,0.000,,,0.000,,,,0.000,,0.000,0.000,
2019-05-30 02:00:00,0.000,,0.000,0.000,0.000,0.000,,,0.000,,,,0.000,,0.000,0.000,
2019-05-30 02:15:00,0.000,,0.000,0.000,0.000,0.000,,,0.000,,,,0.000,,0.000,0.000,
2019-05-30 02:30:00,0.000,,0.000,0.000,0.000,0.000,,,0.000,,,,0.000,,0.000,0.000,
2019-05-30 02:45:00,0.000,,0.000,0.000,0.000,0.000,,,0.000,,,,0.000,,0.000,0.000,
2019-05-30 03:00:00,0.000,,0.000,0.000,0.000,0.000,,,0.000,,,,0.000,,0.000,0.000,
2019-05-30 03:15:00,0.000,,0.000,0.000,0.000,0.000,,,0.000,,,,0.000,,0.000,0.000,
2019-05-30 03:30:00,0.000,,0.000,0.000,0.000,0.000,,,0.000,,,,0.000,,0.000,0.000,
2019-05-30 03:45:00,0.000,,0.000,0.000,0.000,0.000,,,0.000,,,,0.000,,0.000,0.000,
2019-05-30 04:00:00,0.000,,0.000,0.000,0.000,0.000,,,0.000,,,,0.000,,0.000,0.000,
2019-05-30 04:15:00,0.000,,0.000,0.000,0.000,0.000,,,0.000,,,,0.000,,0.000,0.000,
2019-05-30 04:30:00,0.000,,0.000,0.000,0.000,0.000,,,0.000,,,,0.000,,0.000,0.000,
2019-05-30 04:45:00,0.000,,0.000,0.000,0.000,0.000,,,0.000,,,,0.000,,0.000,0.000,
2019-05-30 05:00:00,0.000,,0.000,0.000,0.000,0.000,,,0.000,,,,0.000,,0.000,0.000,
2019-05-30 05:15:00,0.000,,0.000,0.000,0.000,0.000,,,0.000,,,,0.000,,0.000,0.000,
2019-05-30 05:30:00,0.000,,0.000,0.000,0.000,0.000,,,0.000,,,,0.000,,0.000,0.000,
2019-05-30 05:45:00,0.000,,0.000,0.000,0.000,0.000,,,0.000,,,,0.000,,0.000,0.000,
2019-05-30 06:00:00,0.000,,0.000,0.000,0.000,0.000,,,,,,,0.000,,0.000,0.000,
2019-05-30 06:15:00,0.000,,0.000,0.000,0.000,0.000,,,,,,,0.000,,0.000,0.000,
2019-05-30 06:30:00,0.000,,0.000,0.000,0.000,0.000,,,,,,,0.000,,0.000,0.000,
2019-05-30 06:45:00,0.000,,0.000,0.000,0.000,0.000,,,,,,,0.000,,0.000,0.000,
2019-05-30 07:00:00,0.000,,0.000,0.000,0.000,0.000,,,,,,,0.000,,0.000,0.000,
2019-05-30 07:15:00,0.000,,0.000,0.000,0.000,0.000,,,,,,,0.000,,0.000,0.000,
2019-05-30 07:30:00,0.000,,0.000,0.000,0.000,0.000,,,,,,,0.000,,0.000,0.000,
2019-05-30 07:45:00,0.000,,0.000,0.000,0.000,0.000,,,,,,,0.000,,0.000,0.000,
2019-05-30 08:00:00,0.000,,0.000,0.000,0.000,0.000,,,,,,,0.000,,0.100,0.000,
2019-05-30 08:15:00,0.000,,0.000,0.000,0.000,0.000,,,,,,,0.000,,0.000,0.000,
2019-05-30 08:30:00,0.000,,0.000,0.000,0.000,0.000,,,,,,,0.000,,0.000,0.000,
2019-05-30 08:45:00,0.000,,0.000,0.000,0.000,0.000,,,,,,,0.000,,0.000,0.000,
2019-05-30 09:00:00,0.000,,0.000,0.000,0.000,0.000,,,,,,,0.000,,0.000,0.000,
2019-05-30 09:15:00,0.000,,0.000,0.000,0.000,0.000,,,,,,,0.000,,0.000,0.000,
2019-05-30 09:30:00,0.000,,0.000,0.000,0.000,0.000,,,,,,,0.000,,0.000,0.000,
2019-05-30 09:45:00,0.000,,0.000,0.000,0.000,0.000,,,,,,,0.000,,0.000,0.000,
2019-05-30 10:00:00,0.000,,0.000,0.000,0.000,0.000,,,,,,,0.000,,0.000,0.000,
2019-05-30 10:15:00,0.000,,0.000,0.000,0.000,0.000,,,,,,,0.000,,0.000,0.000,
2019-05-30 10:30:00,0.000,,0.000,0.000,0.000,0.000,,,,,,,0.000,,0.000,0.000,
2019-05-30 10:45:00,0.000,,0.000,0.000,0.000,0.000,,,,,,,0.000,,0.000,0.000,
2019-05-30 11:00:00,0.000,,0.000,0.000,0.000,0.000,,,,,,,0.000,,0.000,0.000,
2019-05-30 11:15:00,0.000,,0.000,0.000,0.000,0.000,,,,,,,0.000,,0.000,0.000,
2019-05-30 11:30:00,0.000,,0.000,0.000,0.000,0.000,,,,,,,0.000,,0.000,0.000,
2019-05-30 11:45:00,0.000,,0.000,0.000,0.000,0.000,,,,,,,0.000,,0.000,0.000,
2019-05-30 12:00:00,0.000,,0.000,0.000,0.000,0.000,,,,,,,0.000,,0.000,0.000,
2019-05-30 12:15:00,0.000,,0.000,0.000,0.000,0.000,,,,,,,0.000,,0.000,0.000,
2019-05-30 12:30:00,0.000,,0.000,0.000,0.000,0.000,,,,,,,0.000,,0.000,0.000,
2019-05-30 12:45:00,0.000,,0.000,0.000,0.000,0.000,,,,,,,0.000,,0.000,0.000,
2019-05-30 13:00:00,0.000,,0.000,0.000,0.000,0.000,,,,,,,0.000,,0.000,0.000,
2019-05-30 13:15:00,0.000,,0.000,0.000,0.000,0.000,,,,,,,0.000,,0.000,0.000,
2019-05-30 13:30:00,0.000,,0.000,0.000,0.000,0.000,,,,,,,0.000,,0.000,0.000,
2019-05-30 13:45:00,0.000,,0.000,0.000,0.000,0.000,,,,,,,0.000,,0.000,0.000,
2019-05-30 14:00:00,0.000,,0.000,0.000,0.000,0.000,,,,,,,0.000,,0.000,0.000,
2019-05-30 14:15:00,0.000,,0.000,0.000,0.000,0.000,,,,,,,0.000,,0.000,0.000,
2019-05-30 14:30:00,0.000,,0.000,0.000,0.000,0.000,,,,,,,0.000,,0.000,0.000,
2019-05-30 14:45:00,0.000,,0.000,0.000,0.000,0.000,,,,,,,,,0.000,0.000,
2019-05-30 15:00:00,0.000,,0.000,0.000,0.000,0.000,,,,,,,,,0.000,0.000,
2019-05-30 15:15:00,0.000,,0.000,0.000,0.000,0.000,,,,,,,,,0.000,0.000,
2019-05-30 15:30:00,0.000,,0.000,0.000,0.000,0.000,,,,,,,,,0.000,0.000,
2019-05-30 15:45:00,0.000,,0.000,0.000,0.000,0.000,,,,,,,,,0.000,0.000,
2019-05-30 16:00:00,0.000,,0.000,0.000,0.000,0.000,,,,,,,,,0.000,0.000,
2019-05-30 16:15:00,0.000,,0.050,0.000,0.000,,,,,,,,,,0.000,1.100,
2019-05-30 16:30:00,0.000,,0.050,0.000,0.000,,,,,,,,,,0.000,1.100,
2019-05-30 16:45:00,0.000,,0.050,0.000,0.000,,,,,,,,,,0.000,1.100,
2019-05-30 17:00:00,0.000,,0.050,0.000,0.000,,,,,,,,,,0.000,1.100,
2019-05-30 17:15:00,0.000,,0.050,0.000,0.000,,,,,,,,,,0.000,2.850,
2019-05-30 17:30:00,0.000,,0.050,0.000,0.000,,,,,,,,,,0.000,2.850,
2019-05-30 17:45:00,0.000,,0.050,0.000,0.000,,,,,,,,,,0.000,2.850,
2019-05-30 18:00:00,0.000,,0.050,0.000,0.000,,,,,,,,,,0.000,2.850,
2019-05-30 18:15:00,0.000,,0.000,0.000,0.000,,,,,,,,,,0.000,0.050,
2019-05-30 18:30:00,0.000,,0.000,0.000,0.000,,,,,,,,,,0.000,0.050,
2019-05-30 18:45:00,0.000,,0.000,0.000,0.000,,,,,,,,,,0.000,0.050,
2019-05-30 19:00:00,0.000,,0.000,0.000,0.000,,,,,,,,,,0.000,0.050,
2019-05-30 19:15:00,0.000,,0.000,0.000,0.000,,,,,,,,,,0.000,0.000,
2019-05-30 19:30:00,0.000,,0.000,0.000,0.000,,,,,,,,,,0.000,0.000,
2019-05-30 19:45:00,0.000,,0.000,0.000,0.000,,,,,,,,,,0.000,0.000,
2019-05-30 20:00:00,0.000,,0.000,0.000,0.000,,,,,,,,,,0.000,0.000,
2019-05-30 20:15:00,0.000,,0.000,0.000,0.000,,,,,,,,,,0.000,0.000,
2019-05-30 20:30:00,0.000,,0.000,0.000,0.000,,,,,,,,,,0.000,0.000,
2019-05-30 20:45:00,0.000,,0.000,0.000,0.000,,,,,,,,,,0.000,0.000,
2019-05-30 21:00:00,0.000,,0.000,0.000,0.000,,,,,,,,,,0.000,0.000,
2019-05-30 21:15:00,0.000,,0.000,0.000,0.000,,,,,,,,,,0.000,0.000,
2019-05-30 21:30:00,0.000,,0.000,0.000,0.000,,,,,,,,,,0.000,0.000,
2019-05-30 21:45:00,0.000,,0.000,0.000,0.000,,,,,,,,,,0.000,0.000,
2019-05-30 22:00:00,0.000,,0.000,0.000,0.000,,,,,,,,,,0.000,0.000,
2019-05-30 22:15:00,0.000,,,,,,,,,,,,,,0.000,,
2019-05-30 22:30:00,0.000,,,,,,,,,,,,,,0.000,,
2019-05-30 22:45:00,0.000,,,,,,,,,,,,,,0.000,,
2019-05-30 23:00:00,0.000,,,,,,,,,,,,,,0.000,,
2019-05-30 23:15:00,0.000,,,,,,,,,,,,,,0.000,,
2019-05-30 23:30:00,0.000,,,,,,,,,,,,,,0.000,,
2019-05-30 23:45:00,0.000,,,,,,,,,,,,,,0.000,,
2019-05-31 00:00:00,0.000,,,,,,,,,,,,,,0.000,,
2019-05-31 00:15:00,0.000,,,,,,,,,,,,,,0.000,,
2019-05-31 00:30:00,0.000,,,,,,,,,,,,,,0.000,,
2019-05-31 00:45:00,0.000,,,,,,,,,,,,,,0.000,,
2019-05-31 01:00:00,0.000,,,,,,,,,,,,,,0.000,,
2019-05-31 01:15:00,0.000,,,,,,,,,,,,,,0.000,,
2019-05-31 01:30:00,0.000,,,,,,,,,,,,,,0.000,,
2019-05-31 01:45:00,0.000,,,,,,,,,,,,,,0.000,,
2019-05-31 02:00:00,0.000,,,,,,,,,,,,,,0.100,,
2019-05-31 02:15:00,0.000,,,,,,,,,,,,,,0.000,,
2019-05-31 02:30:00,0.000,,,,,,,,,,,,,,0.000,,
2019-05-31 02:45:00,0.000,,,,,,,,,,,,,,0.000,,
2019-05-31 03:00:00,0.000,,,,,,,,,,,,,,0.000,,
2019-05-31 03:15:00,0.000,,0.000,0.06175,0.06725,0.000,0.000,0.664,,,0.4865,0.000,,,0.000,0.000,0.4865
2019-05-31 03:30:00,0.000,,0.000,0.06175,0.06725,0.000,0.000,0.664,,,0.4865,0.000,,,0.000,0.000,0.4865
2019-05-31 03:45:00,0.000,,0.000,0.06175,0.06725,0.000,0.000,0.664,,,0.4865,0.000,,,0.000,0.000,0.4865
2019-05-31 04:00:00,0.000,,0.000,0.06175,0.06725,0.000,0.000,0.664,,,0.4865,0.000,,,0.000,0.000,0.4865
2019-05-31 04:15:00,0.000,,0.000,0.100,0.50775,0.000,0.000,1.13025,,,0.75775,0.000,,,0.000,0.000,0.75775
2019-05-31 04:30:00,0.000,,0.000,0.100,0.50775,0.000,0.000,1.13025,,,0.75775,0.000,,,0.000,0.000,0.75775
2019-05-31 04:45:00,0.000,,0.000,0.100,0.50775,0.000,0.000,1.13025,,,0.75775,0.000,,,0.000,0.000,0.75775
2019-05-31 05:00:00,0.000,,0.000,0.100,0.50775,0.000,0.000,1.13025,,,0.75775,0.000,,,0.000,0.000,0.75775
2019-05-31 05:15:00,0.000,,0.000,0.1065,0.83175,0.000,0.000,1.2585,,,0.5385,0.00125,,,0.000,0.000,0.5385
2019-05-31 05:30:00,0.000,,0.000,0.1065,0.83175,0.000,0.000,1.2585,,,0.5385,0.00125,,,0.000,0.000,0.5385
2019-05-31 05:45:00,0.000,,0.000,0.1065,0.83175,0.000,0.000,1.2585,,,0.5385,0.00125,,,0.000,0.000,0.5385
2019-05-31 06:00:00,0.000,,0.000,0.1065,0.83175,0.000,0.000,1.2585,,,0.5385,0.00125,,,0.000,0.000,0.5385
2019-05-31 06:15:00,0.000,,0.000,0.0495,0.74175,0.000,0.000,1.17025,,,0.18075,0.0025,,,0.000,0.000,0.18075
2019-05-31 06:30:00,0.000,,0.000,0.0495,0.74175,0.000,0.000,1.17025,,,0.18075,0.0025,,,0.000,0.000,0.18075
2019-05-31 06:45:00,0.000,,0.000,0.0495,0.74175,0.000,0.000,1.17025,,,0.18075,0.0025,,,0.000,0.000,0.18075
2019-05-31 07:00:00,0.000,,0.000,0.0495,0.74175,0.000,0.000,1.17025,,,0.18075,0.0025,,,0.000,0.000,0.18075
2019-05-31 07:15:00,0.000,,0.000,0.0315,0.6185,0.015,0.000,0.84775,,,0.3015,0.001,,,0.000,0.000,0.3015
2019-05-31 07:30:00,0.000,,0.000,0.0315,0.6185,0.015,0.000,0.84775,,,0.3015,0.001,,,0.000,0.000,0.3015
2019-05-31 07:45:00,0.000,,0.000,0.0315,0.6185,0.015,0.000,0.84775,,,0.3015,0.001,,,0.000,0.000,0.3015
2019-05-31 08:00:00,0.000,,0.000,0.0315,0.6185,0.015,0.000,0.84775,,,0.3015,0.001,,,0.000,0.000,0.3015
2019-05-31 08:15:00,0.000,,0.000,0.02175,0.4785,0.015,0.000,0.34025,,,0.49275,0.000,,,0.000,0.000,0.49275
2019-05-31 08:30:00,0.000,,0.000,0.02175,0.4785,0.015,0.000,0.34025,,,0.49275,0.000,,,0.000,0.000,0.49275
2019-05-31 08:45:00,0.000,,0.000,0.02175,0.4785,0.015,0.000,0.34025,,,0.49275,0.000,,,0.000,0.000,0.49275
2019-05-31 09:00:00,0.000,,0.000,0.02175,0.4785,0.015,0.000,0.34025,,,0.49275,0.000,,,0.000,0.000,0.49275
2019-05-31 09:15:00,0.000,,0.000,0.02275,0.435,0.000,0.000,0.01325,,,0.2115,0.000,,,0.000,0.000,0.2115
2019-05-31 09:30:00,0.000,,0.000,0.02275,0.435,0.000,0.000,0.01325,,,0.2115,0.000,,,0.000,0.000,0.2115
2019-05-31 09:45:00,0.000,,0.000,0.02275,0.435,0.000,0.000,0.01325,,,0.2115,0.000,,,0.000,0.000,0.2115
2019-05-31 10:00:00,0.000,,0.000,0.02275,0.435,0.000,0.000,0.01325,,,0.2115,0.000,,,0.000,0.000,0.2115
2019-05-31 10:15:00,0.000,,0.000,0.012,0.22475,0.000,0.000,0.000,,,0.00425,0.000,,,0.000,0.000,0.00425
2019-05-31 10:30:00,0.000,,0.000,0.012,0.22475,0.000,0.000,0.000,,,0.00425,0.000,,,0.000,0.000,0.00425
2019-05-31 10:45:00,0.000,,0.000,0.012,0.22475,0.000,0.000,0.000,,,0.00425,0.000,,,0.000,0.000,0.00425
2019-05-31 11:00:00,0.000,,0.000,0.012,0.22475,0.000,0.000,0.000,,,0.00425,0.000,,,0.000,0.000,0.00425
2019-05-31 11:15:00,0.000,,0.000,0.034,0.0015,0.000,0.000,0.000,,,0.0015,0.102,,,0.000,0.000,0.0015
2019-05-31 11:30:00,0.000,,0.000,0.034,0.0015,0.000,0.000,0.000,,,0.0015,0.102,,,0.000,0.000,0.0015
2019-05-31 11:45:00,0.000,,0.000,0.034,0.0015,0.000,0.000,0.000,,,0.0015,0.102,,,0.000,0.000,0.0015
2019-05-31 12:00:00,0.000,,0.000,0.034,0.0015,0.000,0.000,0.000,,,0.0015,0.102,,,0.000,0.000,0.0015
2019-05-31 12:15:00,0.000,,0.000,0.069,0.00125,0.000,0.000,0.000,,,0.000,0.2295,,,0.000,0.00325,0.000
2019-05-31 12:30:00,0.000,,0.000,0.069,0.00125,0.000,0.000,0.000,,,0.000,0.2295,,,0.000,0.00325,0.000
2019-05-31 12:45:00,0.000,,0.000,0.069,0.00125,0.000,0.000,0.000,,,0.000,0.2295,,,0.000,0.00325,0.000
2019-05-31 13:00:00,0.000,,0.000,0.069,0.00125,0.000,0.000,0.000,,,0.000,0.2295,,,0.000,0.00325,0.000
2019-05-31 13:15:00,0.000,,0.000,0.0375,0.02075,0.000,0.000,0.000,,,0.000,0.2075,,,0.000,0.00325,0.000
2019-05-31 13:30:00,0.000,,0.000,0.0375,0.02075,0.000,0.000,0.000,,,0.000,0.2075,,,0.000,0.00325,0.000
2019-05-31 13:45:00,0.000,,0.000,0.0375,0.02075,0.000,0.000,0.000,,,0.000,0.2075,,,0.000,0.00325,0.000
2019-05-31 14:00:00,0.000,,0.000,0.0375,0.02075,0.000,0.000,0.000,,,0.000,0.2075,0.000,0.000,0.000,0.00325,0.000
2019-05-31 14:15:00,0.000,,0.000,0.000,0.0695,0.00525,0.00075,0.000,,,0.000,0.08025,0.000,0.000,0.000,0.000,0.000
2019-05-31 14:30:00,0.000,,0.000,0.000,0.0695,0.00525,0.00075,0.000,,,0.000,0.08025,0.000,0.000,0.000,0.000,0.000
2019-05-31 14:45:00,0.000,,0.000,0.000,0.0695,0.00525,0.00075,0.000,0.000,,0.000,0.08025,0.000,0.000,0.000,0.000,0.000
2019-05-31 15:00:00,0.000,,0.000,0.000,0.0695,0.00525,0.00075,0.000,0.000,,0.000,0.08025,0.000,0.000,0.000,0.000,0.000
2019-05-31 15:15:00,0.000,0.000,0.000,0.000,0.049,0.00525,0.001,0.000,0.000,0.000,0.000,0.000,0.000,0.00025,0.000,0.000,0.000
2019-05-31 15:30:00,0.000,0.000,0.000,0.000,0.049,0.00525,0.001,0.000,0.000,0.000,0.000,0.000,0.000,0.00025,0.000,0.000,0.000
2019-05-31 15:45:00,0.000,0.000,0.000,0.000,0.049,0.00525,0.001,0.000,0.000,0.000,0.000,0.000,0.000,0.00025,0.000,0.000,0.000
2019-05-31 16:00:00,0.000,0.000,0.000,0.000,0.049,0.00525,0.001,0.000,0.000,0.000,0.000,0.000,0.000,0.00025,0.000,0.000,0.000
2019-05-31 16:15:00,0.000,0.0005,0.000,0.00025,0.00075,0.000,0.00125,0.0005,0.000,0.00675,0.0015,0.008,0.000,0.0015,0.000,0.000,0.0015
2019-05-31 16:30:00,0.000,0.0005,0.000,0.00025,0.00075,0.000,0.00125,0.0005,0.000,0.00675,0.0015,0.008,0.000,0.0015,0.000,0.000,0.0015
2019-05-31 16:45:00,0.000,0.0005,0.000,0.00025,0.00075,0.000,0.00125,0.0005,0.000,0.00675,0.0015,0.008,0.000,0.0015,0.000,0.000,0.0015
2019-05-31 17:00:00,0.000,0.0005,0.000,0.00025,0.00075,0.000,0.00125,0.0005,0.000,0.00675,0.0015,0.008,0.000,0.0015,0.000,0.000,0.0015
2019-05-31 17:15:00,0.00025,0.007,0.000,0.00325,0.001,0.000,0.00075,0.007,0.000,0.0075,0.08275,0.0525,0.00125,0.0085,0.000,0.000,0.08275
2019-05-31 17:30:00,0.00025,0.007,0.000,0.00325,0.001,0.000,0.00075,0.007,0.000,0.0075,0.08275,0.0525,0.00125,0.0085,0.000,0.000,0.08275
2019-05-31 17:45:00,0.00025,0.007,0.000,0.00325,0.001,0.000,0.00075,0.007,0.000,0.0075,0.08275,0.0525,0.00125,0.0085,0.000,0.000,0.08275
2019-05-31 18:00:00,0.00025,0.007,0.000,0.00325,0.001,0.000,0.00075,0.007,0.000,0.0075,0.08275,0.0525,0.00125,0.0085,0.000,0.000,0.08275
2019-05-31 18:15:00,0.00075,0.00625,0.000,0.003,0.17775,0.1225,0.00225,0.00625,0.000,0.01225,0.08125,0.04525,0.004,0.0095,0.000,0.000,0.08125
2019-05-31 18:30:00,0.00075,0.00625,0.000,0.003,0.17775,0.1225,0.00225,0.00625,0.000,0.01225,0.08125,0.04525,0.004,0.0095,0.000,0.000,0.08125
2019-05-31 18:45:00,0.00075,0.00625,0.000,0.003,0.17775,0.1225,0.00225,0.00625,0.000,0.01225,0.08125,0.04525,0.004,0.0095,0.000,0.000,0.08125
2019-05-31 19:00:00,0.00075,0.00625,0.000,0.003,0.17775,0.1225,0.00225,0.00625,0.000,0.01225,0.08125,0.04525,0.004,0.0095,0.000,0.000,0.08125
2019-05-31 19:15:00,0.001,0.00875,0.000,0.007,0.5365,0.46525,0.00225,0.0375,0.000,0.014,0.0005,0.00075,0.00275,0.0095,0.000,0.000,0.0005
2019-05-31 19:30:00,0.001,0.00875,0.000,0.007,0.5365,0.46525,0.00225,0.0375,0.000,0.014,0.0005,0.00075,0.00275,0.0095,0.000,0.000,0.0005
2019-05-31 19:45:00,0.001,0.00875,0.000,0.007,0.5365,0.46525,0.00225,0.0375,0.000,0.014,0.0005,0.00075,0.00275,0.0095,0.000,0.000,0.0005
2019-05-31 20:00:00,0.001,0.00875,0.000,0.007,0.5365,0.46525,0.00225,0.0375,0.000,0.014,0.0005,0.00075,0.00275,0.0095,0.000,0.000,0.0005
2019-05-31 20:15:00,0.002,0.02475,0.000,0.030,0.53975,0.3705,0.000,0.07725,0.000,0.06325,0.00075,0.000,0.005,0.00725,0.000,0.000,0.00075
2019-05-31 20:30:00,0.002,0.02475,0.000,0.030,0.53975,0.3705,0.000,0.07725,0.000,0.06325,0.00075,0.000,0.005,0.00725,0.000,0.000,0.00075
2019-05-31 20:45:00,0.002,0.02475,0.000,0.030,0.53975,0.3705,0.000,0.07725,0.000,0.06325,0.00075,0.000,0.005,0.00725,0.000,0.000,0.00075
2019-05-31 21:00:00,0.002,0.02475,0.000,0.030,0.53975,0.3705,0.000,0.07725,0.000,0.06325,0.00075,0.000,0.005,0.00725,0.000,0.000,0.00075
2019-05-31 21:15:00,0.00275,0.016,0.000,0.05575,0.20625,0.02775,0.000,0.03975,0.000,0.06075,0.00025,0.00025,0.005,0.000,0.000,0.000,0.00025
2019-05-31 21:30:00,0.00275,0.016,0.000,0.05575,0.20625,0.02775,0.000,0.03975,0.000,0.06075,0.00025,0.00025,0.005,0.000,0.000,0.000,0.00025
2019-05-31 21:45:00,0.00275,0.016,0.000,0.05575,0.20625,0.02775,0.000,0.03975,0.000,0.06075,0.00025,0.00025,0.005,0.000,0.000,0.000,0.00025
2019-05-31 22:00:00,0.00275,0.016,0.000,0.05575,0.20625,0.02775,0.000,0.03975,0.000,0.06075,0.00025,0.00025,0.005,0.000,0.000,0.000,0.00025
2019-05-31 22:15:00,0.00125,0.03675,0.000,0.053,0.0985,0.000,0.000,0.033,0.000,0.00275,0.182,0.00025,0.000,0.13275,0.000,0.000,0.182
2019-05-31 22:30:00,0.00125,0.03675,0.000,0.053,0.0985,0.000,0.000,0.033,0.000,0.00275,0.182,0.00025,0.000,0.13275,0.000,0.000,0.182
2019-05-31 22:45:00,0.00125,0.03675,0.000,0.053,0.0985,0.000,0.000,0.033,0.000,0.00275,0.182,0.00025,0.000,0.13275,0.000,0.000,0.182
2019-05-31 23:00:00,0.00125,0.03675,0.000,0.053,0.0985,0.000,0.000,0.033,0.000,0.00275,0.182,0.00025,0.000,0.13275,0.000,0.000,0.182
2019-05-31 23:15:00,0.000,0.27825,0.000,0.046,0.112,0.000,0.000,0.062,0.000,0.03725,0.502,0.000,0.000,0.13275,0.000,0.000,0.502
2019-05-31 23:30:00,0.000,0.27825,0.000,0.046,0.112,0.000,0.000,0.062,0.000,0.03725,0.502,0.000,0.000,0.13275,0.000,0.000,0.502
2019-05-31 23:45:00,0.000,0.27825,0.000,0.046,0.112,0.000,0.000,0.062,0.000,0.03725,0.502,0.000,0.000,0.13275,0.000,0.000,0.502
2019-06-01 00:00:00,0.000,0.27825,0.000,0.046,0.112,0.000,0.000,0.062,0.000,0.03725,0.502,0.000,0.000,0.13275,0.000,0.000,0.502
2019-06-01 00:15:00,0.000,0.4965,0.000,0.057,0.51075,0.000,0.000,0.355,0.000,0.0995,0.432,0.000,0.00025,0.000,0.000,0.000,0.432
2019-06-01 00:30:00,0.000,0.4965,0.000,0.057,0.51075,0.000,0.000,0.355,0.000,0.0995,0.432,0.000,0.00025,0.000,0.000,0.000,0.432
2019-06-01 00:45:00,0.000,0.4965,0.000,0.057,0.51075,0.000,0.000,0.355,0.000,0.0995,0.432,0.000,0.00025,0.000,0.000,0.000,0.432
2019-06-01 01:00:00,0.000,0.4965,0.000,0.057,0.51075,0.000,0.000,0.355,0.000,0.0995,0.432,0.000,0.00025,0.000,0.000,0.000,0.432
2019-06-01 01:15:00,0.000,0.54375,0.000,0.060,0.94675,0.02825,0.000,0.713,0.000,0.065,0.112,0.00075,0.000,0.000,0.000,0.000,0.112
2019-06-01 01:30:00,0.000,0.54375,0.000,0.060,0.94675,0.02825,0.000,0.713,0.000,0.065,0.112,0.00075,0.000,0.000,0.000,0.000,0.112
2019-06-01 01:45:00,0.000,0.54375,0.000,0.060,0.94675,0.02825,0.000,0.713,0.000,0.065,0.112,0.00075,0.000,0.000,0.000,0.000,0.112
2019-06-01 02:00:00,0.000,0.54375,0.000,0.060,0.94675,0.02825,0.000,0.713,0.000,0.065,0.112,0.00075,0.000,0.000,0.000,0.000,0.112
2019-06-01 02:15:00,0.000,0.4785,0.000,0.05675,0.89425,0.54375,0.000,0.6415,0.000,0.000,0.000,0.00075,0.000,0.000,0.000,0.000,0.000
2019-06-01 02:30:00,0.000,0.4785,0.000,0.05675,0.89425,0.54375,0.000,0.6415,0.000,0.000,0.000,0.00075,0.000,0.000,0.000,0.000,0.000
2019-06-01 02:45:00,0.000,0.4785,0.000,0.05675,0.89425,0.54375,0.000,0.6415,0.000,0.000,0.000,0.00075,0.000,0.000,0.000,0.000,0.000
2019-06-01 03:00:00,0.000,0.4785,0.000,0.05675,0.89425,0.54375,0.000,0.6415,0.000,0.000,0.000,0.00075,0.000,0.000,0.000,0.000,0.000
2019-06-01 03:15:00,0.000,0.20575,0.000,0.03225,0.7925,1.02325,0.000,0.31125,0.000,0.000,0.00075,0.000,0.000,0.05075,0.000,0.000,0.00075
2019-06-01 03:30:00,0.000,0.20575,0.000,0.03225,0.7925,1.02325,0.000,0.31125,0.000,0.000,0.00075,0.000,0.000,0.05075,0.000,0.000,0.00075
2019-06-01 03:45:00,0.000,0.20575,0.000,0.03225,0.7925,1.02325,0.000,0.31125,0.000,0.000,0.00075,0.000,0.000,0.05075,0.000,0.000,0.00075
2019-06-01 04:00:00,0.000,0.20575,0.000,0.03225,0.7925,1.02325,0.000,0.31125,0.000,0.000,0.00075,0.000,0.000,0.05075,0.000,0.000,0.00075
2019-06-01 04:15:00,0.000,0.028,0.000,0.00425,0.6695,0.6245,0.000,0.06175,0.000,0.000,0.001,0.000,0.000,0.05225,0.000,0.000,0.001
2019-06-01 04:30:00,0.000,0.028,0.000,0.00425,0.6695,0.6245,0.000,0.06175,0.000,0.000,0.001,0.000,0.000,0.05225,0.000,0.000,0.001
2019-06-01 04:45:00,0.000,0.028,0.000,0.00425,0.6695,0.6245,0.000,0.06175,0.000,0.000,0.001,0.000,0.000,0.05225,0.000,0.000,0.001
2019-06-01 05:00:00,0.000,0.028,0.000,0.00425,0.6695,0.6245,0.000,0.06175,0.000,0.000,0.001,0.000,0.000,0.05225,0.000,0.000,0.001
2019-06-01 05:15:00,0.000,0.012,0.000,0.000,0.5605,0.15275,0.000,0.005,0.000,0.000,0.00025,0.000,0.000,0.002,0.000,0.000,0.00025
2019-06-01 05:30:00,0.000,0.012,0.000,0.000,0.5605,0.15275,0.000,0.005,0.000,0.000,0.00025,0.000,0.000,0.002,0.000,0.000,0.00025
2019-06-01 05:45:00,0.000,0.012,0.000,0.000,0.5605,0.15275,0.000,0.005,0.000,0.000,0.00025,0.000,0.000,0.002,0.000,0.000,0.00025
2019-06-01 06:00:00,0.000,0.012,0.000,0.000,0.5605,0.15275,0.000,0.005,0.000,0.000,0.00025,0.000,0.000,0.002,0.000,0.000,0.00025
2019-06-01 06:15:00,0.000,0.000,0.000,0.000,0.277,0.1375,0.000,0.00025,0.000,0.000,0.000,0.000,0.000,0.0015,0.000,0.000,0.000
2019-06-01 06:30:00,0.000,0.000,0.000,0.000,0.277,0.1375,0.000,0.00025,0.000,0.000,0.000,0.000,0.000,0.0015,0.000,0.000,0.000
2019-06-01 06:45:00,0.000,0.000,0.000,0.000,0.277,0.1375,0.000,0.00025,0.000,0.000,0.000,0.000,0.000,0.0015,0.000,0.000,0.000
2019-06-01 07:00:00,0.000,0.000,0.000,0.000,0.277,0.1375,0.000,0.00025,0.000,0.000,0.000,0.000,0.000,0.0015,0.000,0.000,0.000
2019-06-01 07:15:00,0.000,0.000,0.000,0.00025,0.0135,0.1015,0.000,0.00025,0.000,0.000,0.000,0.000,0.000,0.00175,0.000,0.000,0.000
2019-06-01 07:30:00,0.000,0.000,0.000,0.00025,0.0135,0.1015,0.000,0.00025,0.000,0.000,0.000,0.000,0.000,0.00175,0.000,0.000,0.000
2019-06-01 07:45:00,0.000,0.000,0.000,0.00025,0.0135,0.1015,0.000,0.00025,0.000,0.000,0.000,0.000,0.000,0.00175,0.000,0.000,0.000
2019-06-01 08:00:00,0.000,0.000,0.000,0.00025,0.0135,0.1015,0.000,0.00025,0.000,0.000,0.000,0.000,0.000,0.00175,0.000,0.000,0.000
2019-06-01 08:15:00,0.000,0.000,0.000,0.00025,0.00175,0.000,0.000,0.000,0.000,0.000,0.000,0.000,0.000,0.001,0.000,0.000,0.000
2019-06-01 08:30:00,0.000,0.000,0.000,0.00025,0.00175,0.000,0.000,0.000,0.000,0.000,0.000,0.000,0.000,0.001,0.000,0.000,0.000
2019-06-01 08:45:00,0.000,0.000,0.000,0.00025,0.00175,0.000,0.000,0.000,0.000,0.000,0.000,0.000,0.000,0.001,0.000,0.000,0.000
2019-06-01 09:00:00,0.000,0.000,0.000,0.00025,0.00175,0.000,0.000,0.000,0.000,0.000,0.000,0.000,0.000,0.001,0.000,0.000,0.000
2019-06-01 09:15:00,0.000,0.000,0.000,0.000,0.0005,0.00025,0.000,0.000,0.000,0.000,0.000,0.000,0.000,0.000,0.004,0.000,0.000
2019-06-01 09:30:00,0.000,0.000,0.000,0.000,0.0005,0.00025,0.000,0.000,0.000,0.000,0.000,0.000,0.000,0.000,0.004,0.000,0.000
2019-06-01 09:45:00,0.000,0.000,0.000,0.000,0.0005,0.00025,0.000,0.000,0.000,0.000,0.000,0.000,0.000,0.000,0.004,0.000,0.000
2019-06-01 10:00:00,0.000,0.000,0.000,0.000,0.0005,0.00025,0.000,0.000,0.000,0.000,0.000,0.000,0.000,0.000,0.004,0.000,0.000
2019-06-01 10:15:00,0.000,0.000,0.000,0.000,0.000,0.00075,0.000,0.000,0.000,0.000,0.000,0.000,0.000,0.000,0.041,0.000,0.000
2019-06-01 10:30:00,0.000,0.000,0.000,0.000,0.000,0.00075,0.000,0.000,0.000,0.000,0.000,0.000,0.000,0.000,0.041,0.000,0.000
2019-06-01 10:45:00,0.000,0.000,0.000,0.000,0.000,0.00075,0.000,0.000,0.000,0.000,0.000,0.000,0.000,0.000,0.041,0.000,0.000
2019-06-01 11:00:00,0.000,0.000,0.000,0.000,0.000,0.00075,0.000,0.000,0.000,0.000,0.000,0.000,0.000,0.000,0.041,0.000,0.000
2019-06-01 11:15:00,0.000,0.000,0.000,0.000,0.000,0.0005,0.000,0.000,0.000,0.000,0.000,0.13675,0.000,0.000,0.13475,0.000,0.000
2019-06-01 11:30:00,0.000,0.000,0.000,0.000,0.000,0.0005,0.000,0.000,0.000,0.000,0.000,0.13675,0.000,0.000,0.13475,0.000,0.000
2019-06-01 11:45:00,0.000,0.000,0.000,0.000,0.000,0.0005,0.000,0.000,0.000,0.000,0.000,0.13675,0.000,0.000,0.13475,0.000,0.000
2019-06-01 12:00:00,0.000,0.000,0.000,0.000,0.000,0.0005,0.000,0.000,0.000,0.000,0.000,0.13675,0.000,0.000,0.13475,0.000,0.000
2019-06-01 12:15:00,0.000,0.000,0.000,0.000,0.000,0.16475,0.34525,0.000,0.000,0.000,0.00075,0.82775,0.000,0.00125,0.2875,0.000,0.00075
2019-06-01 12:30:00,0.000,0.000,0.000,0.000,0.000,0.16475,0.34525,0.000,0.000,0.000,0.00075,0.82775,0.000,0.00125,0.2875,0.000,0.00075
2019-06-01 12:45:00,0.000,0.000,0.000,0.000,0.000,0.16475,0.34525,0.000,0.000,0.000,0.00075,0.82775,0.000,0.00125,0.2875,0.000,0.00075
2019-06-01 13:00:00,0.000,0.000,0.000,0.000,0.000,0.16475,0.34525,0.000,0.000,0.000,0.00075,0.82775,0.000,0.00125,0.2875,0.000,0.00075
2019-06-01 13:15:00,0.000,0.000,0.000,0.000,0.000,0.365,0.87125,0.000,0.000,0.000,0.00075,1.2295,0.000,0.00125,0.383,0.000,0.00075
2019-06-01 13:30:00,0.000,0.000,0.000,0.000,0.000,0.365,0.87125,0.000,0.000,0.000,0.00075,1.2295,0.000,0.00125,0.383,0.000,0.00075
2019-06-01 13:45:00,0.000,0.000,0.000,0.000,0.000,0.365,0.87125,0.000,0.000,0.000,0.00075,1.2295,0.000,0.00125,0.383,0.000,0.00075
2019-06-01 14:00:00,0.000,0.000,0.000,0.000,0.000,0.365,0.87125,0.000,0.000,0.000,0.00075,1.2295,0.000,0.00125,0.383,0.000,0.00075
2019-06-01 14:15:00,0.000,0.000,0.000,0.000,0.000,0.20025,1.07275,0.000,0.000,0.000,0.000,1.03425,0.000,0.000,0.259,0.000,0.000
2019-06-01 14:30:00,0.000,0.000,0.000,0.000,0.000,0.20025,1.07275,0.000,0.000,0.000,0.000,1.03425,0.000,0.000,0.259,0.000,0.000
2019-06-01 14:45:00,0.000,0.000,0.000,0.000,0.000,0.20025,1.07275,0.000,0.000,0.000,0.000,1.03425,0.000,0.000,0.259,0.000,0.000
2019-06-01 15:00:00,0.000,0.000,0.000,0.000,0.000,0.20025,1.07275,0.000,0.000,0.000,0.000,1.03425,0.000,0.000,0.259,0.000,0.000
2019-06-01 15:15:00,0.000,0.000,0.000,0.000,0.000,0.000,1.09525,0.000,0.000,0.000,0.000,1.1085,0.000,0.000,0.0805,0.000,0.000
2019-06-01 15:30:00,0.000,0.000,0.000,0.000,0.000,0.000,1.09525,0.000,0.000,0.000,0.000,1.1085,0.000,0.000,0.0805,0.000,0.000
2019-06-01 15:45:00,0.000,0.000,0.000,0.000,0.000,0.000,1.09525,0.000,0.000,0.000,0.000,1.1085,0.000,0.000,0.0805,0.000,0.000
2019-06-01 16:00:00,0.000,0.000,0.000,0.000,0.000,0.000,1.09525,0.000,0.000,0.000,0.000,1.1085,0.000,0.000,0.0805,0.000,0.000
2019-06-01 16:15:00,0.000,0.000,0.000,0.000,0.000,0.000,0.6585,0.000,0.000,0.000,0.000,1.206,0.000,0.000,0.028,0.000,0.000
2019-06-01 16:30:00,0.000,0.000,0.000,0.000,0.000,0.000,0.6585,0.000,0.000,0.000,0.000,1.206,0.000,0.000,0.028,0.000,0.000
2019-06-01 16:45:00,0.000,0.000,0.000,0.000,0.000,0.000,0.6585,0.000,0.000,0.000,0.000,1.206,0.000,0.000,0.028,0.000,0.000
2019-06-01 17:00:00,0.000,0.000,0.000,0.000,0.000,0.000,0.6585,0.000,0.000,0.000,0.000,1.206,0.000,0.000,0.028,0.000,0.000
2019-06-01 17:15:00,0.000,0.05625,0.000,0.000,0.000,0.000,0.11675,0.000,0.000,0.000,0.000,0.899,0.000,0.000,0.01425,0.000,0.000
2019-06-01 17:30:00,0.000,0.05625,0.000,0.000,0.000,0.000,0.11675,0.000,0.000,0.000,0.000,0.899,0.000,0.000,0.01425,0.000,0.000
2019-06-01 17:45:00,0.000,0.05625,0.000,0.000,0.000,0.000,0.11675,0.000,0.000,0.000,0.000,0.899,0.000,0.000,0.01425,0.000,0.000
2019-06-01 18:00:00,0.000,0.05625,0.000,0.000,0.000,0.000,0.11675,0.000,0.000,0.000,0.000,0.899,0.000,0.000,0.01425,0.000,0.000
2019-06-01 18:15:00,0.000,0.05625,0.000,0.000,0.000,0.000,0.007,0.000,0.000,0.000,0.121,0.306,0.000,0.000,0.001,0.000,0.121
2019-06-01 18:30:00,0.000,0.05625,0.000,0.000,0.000,0.000,0.007,0.000,0.000,0.000,0.121,0.306,0.000,0.000,0.001,0.000,0.121
2019-06-01 18:45:00,0.000,0.05625,0.000,0.000,0.000,0.000,0.007,0.000,0.000,0.000,0.121,0.306,0.000,0.000,0.001,0.000,0.121
2019-06-01 19:00:00,0.000,0.05625,0.000,0.000,0.000,0.000,0.007,0.000,0.000,0.000,0.121,0.306,0.000,0.000,0.001,0.000,0.121
2019-06-01 19:15:00,0.000,0.000,0.000,0.000,0.000,0.000,0.000,0.000,0.000,0.0245,0.121,0.000,0.000,0.000,0.000,0.000,0.121
2019-06-01 19:30:00,0.000,0.000,0.000,0.000,0.000,0.000,0.000,0.000,0.000,0.0245,0.121,0.000,0.000,0.000,0.000,0.000,0.121
2019-06-01 19:45:00,0.000,0.000,0.000,0.000,0.000,0.000,0.000,0.000,0.000,0.0245,0.121,0.000,0.000,0.000,0.000,0.000,0.121
2019-06-01 20:00:00,0.000,0.000,0.000,0.000,0.000,0.000,0.000,0.000,0.000,0.0245,0.121,0.000,0.000,0.000,0.000,0.000,0.121
2019-06-01 20:15:00,0.000,0.0495,0.000,0.000,0.000,0.000,0.000,0.000,0.000,0.046,0.000,0.000,0.000,0.00325,0.000,0.000,0.000
2019-06-01 20:30:00,0.000,0.0495,0.000,0.000,0.000,0.000,0.000,0.000,0.000,0.046,0.000,0.000,0.000,0.00325,0.000,0.000,0.000
2019-06-01 20:45:00,0.000,0.0495,0.000,0.000,0.000,0.000,0.000,0.000,0.000,0.046,0.000,0.000,0.000,0.00325,0.000,0.000,0.000
2019-06-01 21:00:00,0.000,0.0495,0.000,0.000,0.000,0.000,0.000,0.000,0.000,0.046,0.000,0.000,0.000,0.00325,0.000,0.000,0.000
2019-06-01 21:15:00,0.000,0.31675,0.000,0.000,0.361,0.039,0.000,0.057,0.000,0.32575,0.00025,0.000,0.000,0.2965,0.000,0.000,0.00025
2019-06-01 21:30:00,0.000,0.31675,0.000,0.000,0.361,0.039,0.000,0.057,0.000,0.32575,0.00025,0.000,0.000,0.2965,0.000,0.000,0.00025
2019-06-01 21:45:00,0.000,0.31675,0.000,0.000,0.361,0.039,0.000,0.057,0.000,0.32575,0.00025,0.000,0.000,0.2965,0.000,0.000,0.00025
2019-06-01 22:00:00,0.000,0.31675,0.000,0.000,0.361,0.039,0.000,0.057,0.000,0.32575,0.00025,0.000,0.000,0.2965,0.000,0.000,0.00025
2019-06-01 22:15:00,0.000,0.9305,0.000,0.0005,1.003,0.28575,0.000,0.16175,0.000,0.92625,0.05625,0.000,0.00025,0.3535,0.000,0.000,0.05625
2019-06-01 22:30:00,0.000,0.9305,0.000,0.0005,1.003,0.28575,0.000,0.16175,0.000,0.92625,0.05625,0.000,0.00025,0.3535,0.000,0.000,0.05625
2019-06-01 22:45:00,0.000,0.9305,0.000,0.0005,1.003,0.28575,0.000,0.16175,0.000,0.92625,0.05625,0.000,0.00025,0.3535,0.000,0.000,0.05625
2019-06-01 23:00:00,0.000,0.9305,0.000,0.0005,1.003,0.28575,0.000,0.16175,0.000,0.92625,0.05625,0.000,0.00025,0.3535,0.000,0.000,0.05625
2019-06-01 23:15:00,0.000,1.0355,0.000,0.00225,1.4055,0.728,0.000,0.19375,0.000,0.73275,0.056,0.000,0.00025,0.060,0.000,0.000,0.056
2019-06-01 23:30:00,0.000,1.0355,0.000,0.00225,1.4055,0.728,0.000,0.19375,0.000,0.73275,0.056,0.000,0.00025,0.060,0.000,0.000,0.056
2019-06-01 23:45:00,0.000,1.0355,0.000,0.00225,1.4055,0.728,0.000,0.19375,0.000,0.73275,0.056,0.000,0.00025,0.060,0.000,0.000,0.056
2019-06-02 00:00:00,0.000,1.0355,0.000,0.00225,1.4055,0.728,0.000,0.19375,0.000,0.73275,0.056,0.000,0.00025,0.060,0.000,0.000,0.056
2019-06-02 00:15:00,0.000,0.65125,0.000,0.0025,1.2275,0.69275,0.000,0.670,0.000,0.1295,0.000,0.000,0.000,0.000,0.000,0.000,0.000
2019-06-02 00:30:00,0.000,0.65125,0.000,0.0025,1.2275,0.69275,0.000,0.670,0.000,0.1295,0.000,0.000,0.000,0.000,0.000,0.000,0.000
2019-06-02 00:45:00,0.000,0.65125,0.000,0.0025,1.2275,0.69275,0.000,0.670,0.000,0.1295,0.000,0.000,0.000,0.000,0.000,0.000,0.000
2019-06-02 01:00:00,0.000,0.65125,0.000,0.0025,1.2275,0.69275,0.000,0.670,0.000,0.1295,0.000,0.000,0.000,0.000,0.000,0.000,0.000
2019-06-02 01:15:00,0.000,0.43925,0.000,0.00075,0.82575,0.24775,0.000,1.13475,0.000,0.042,0.00325,0.000,0.000,0.390,0.000,0.000,0.00325
2019-06-02 01:30:00,0.000,0.43925,0.000,0.00075,0.82575,0.24775,0.000,1.13475,0.000,0.042,0.00325,0.000,0.000,0.390,0.000,0.000,0.00325
2019-06-02 01:45:00,0.000,0.43925,0.000,0.00075,0.82575,0.24775,0.000,1.13475,0.000,0.042,0.00325,0.000,0.000,0.390,0.000,0.000,0.00325
2019-06-02 02:00:00,0.000,0.43925,0.000,0.00075,0.82575,0.24775,0.000,1.13475,0.000,0.042,0.00325,0.000,0.000,0.390,0.000,0.000,0.00325
2019-06-02 02:15:00,0.000,0.62325,0.000,0.00025,0.627,0.07275,0.000,1.15275,0.000,0.08525,0.0055,0.000,0.000,1.0195,0.000,0.000,0.0055
2019-06-02 02:30:00,0.000,0.62325,0.000,0.00025,0.627,0.07275,0.000,1.15275,0.000,0.08525,0.0055,0.000,0.000,1.0195,0.000,0.000,0.0055
2019-06-02 02:45:00,0.000,0.62325,0.000,0.00025,0.627,0.07275,0.000,1.15275,0.000,0.08525,0.0055,0.000,0.000,1.0195,0.000,0.000,0.0055
2019-06-02 03:00:00,0.000,0.62325,0.000,0.00025,0.627,0.07275,0.000,1.15275,0.000,0.08525,0.0055,0.000,0.000,1.0195,0.000,0.000,0.0055
2019-06-02 03:15:00,0.000,0.90725,0.000,0.0005,0.629,0.3735,0.000,1.20675,0.000,0.06725,0.0055,0.000,0.0045,0.99725,0.000,0.000,0.0055
2019-06-02 03:30:00,0.000,0.90725,0.000,0.0005,0.629,0.3735,0.000,1.20675,0.000,0.06725,0.0055,0.000,0.0045,0.99725,0.000,0.000,0.0055
2019-06-02 03:45:00,0.000,0.90725,0.000,0.0005,0.629,0.3735,0.000,1.20675,0.000,0.06725,0.0055,0.000,0.0045,0.99725,0.000,0.000,0.0055
2019-06-02 04:00:00,0.000,0.90725,0.000,0.0005,0.629,0.3735,0.000,1.20675,0.000,0.06725,0.0055,0.000,0.0045,0.99725,0.000,0.000,0.0055
2019-06-02 04:15:00,0.000,0.856,0.000,0.00075,0.9785,0.5565,0.000,1.21925,0.000,0.079,0.00575,0.000,0.0045,0.9195,0.00025,0.000,0.00575
2019-06-02 04:30:00,0.000,0.856,0.000,0.00075,0.9785,0.5565,0.000,1.21925,0.000,0.079,0.00575,0.000,0.0045,0.9195,0.00025,0.000,0.00575
2019-06-02 04:45:00,0.000,0.856,0.000,0.00075,0.9785,0.5565,0.000,1.21925,0.000,0.079,0.00575,0.000,0.0045,0.9195,0.00025,0.000,0.00575
2019-06-02 05:00:00,0.000,0.856,0.000,0.00075,0.9785,0.5565,0.000,1.21925,0.000,0.079,0.00575,0.000,0.0045,0.9195,0.00025,0.000,0.00575
2019-06-02 05:15:00,0.000,0.61425,0.000,0.0005,1.14575,0.21975,0.000,1.09825,0.000,0.0755,0.005,0.000,0.000,1.06825,0.0005,0.000,0.005
2019-06-02 05:30:00,0.000,0.61425,0.000,0.0005,1.14575,0.21975,0.000,1.09825,0.000,0.0755,0.005,0.000,0.000,1.06825,0.0005,0.000,0.005
2019-06-02 05:45:00,0.000,0.61425,0.000,0.0005,1.14575,0.21975,0.000,1.09825,0.000,0.0755,0.005,0.000,0.000,1.06825,0.0005,0.000,0.005
2019-06-02 06:00:00,0.000,0.61425,0.000,0.0005,1.14575,0.21975,0.000,1.09825,0.000,0.0755,0.005,0.000,0.000,1.06825,0.0005,0.000,0.005
2019-06-02 06:15:00,0.000,0.8165,0.000,0.0005,1.1995,0.08175,0.000,1.28325,0.000,0.002,0.0025,0.000,0.000,1.24725,0.002,0.000,0.0025
2019-06-02 06:30:00,0.000,0.8165,0.000,0.0005,1.1995,0.08175,0.000,1.28325,0.000,0.002,0.0025,0.000,0.000,1.24725,0.002,0.000,0.0025
2019-06-02 06:45:00,0.000,0.8165,0.000,0.0005,1.1995,0.08175,0.000,1.28325,0.000,0.002,0.0025,0.000,0.000,1.24725,0.002,0.000,0.0025
2019-06-02 07:00:00,0.000,0.8165,0.000,0.0005,1.1995,0.08175,0.000,1.28325,0.000,0.002,0.0025,0.000,0.000,1.24725,0.002,0.000,0.0025
2019-06-02 07:15:00,0.000,1.22575,0.000,0.00825,1.3065,0.08175,0.000,1.52575,0.000,0.0035,0.00025,0.000,0.000,1.24625,0.00275,0.000,0.00025
2019-06-02 07:30:00,0.000,1.22575,0.000,0.00825,1.3065,0.08175,0.000,1.52575,0.000,0.0035,0.00025,0.000,0.000,1.24625,0.00275,0.000,0.00025
2019-06-02 07:45:00,0.000,1.22575,0.000,0.00825,1.3065,0.08175,0.000,1.52575,0.000,0.0035,0.00025,0.000,0.000,1.24625,0.00275,0.000,0.00025
2019-06-02 08:00:00,0.000,1.22575,0.000,0.00825,1.3065,0.08175,0.000,1.52575,0.000,0.0035,0.00025,0.000,0.000,1.24625,0.00275,0.000,0.00025
2019-06-02 08:15:00,0.000,0.70625,0.000,0.01125,0.93025,0.000,0.00125,0.78425,0.000,0.0035,0.00075,0.00075,0.000,0.74375,0.00525,0.000,0.00075
2019-06-02 08:30:00,0.000,0.70625,0.000,0.01125,0.93025,0.000,0.00125,0.78425,0.000,0.0035,0.00075,0.00075,0.000,0.74375,0.00525,0.000,0.00075
2019-06-02 08:45:00,0.000,0.70625,0.000,0.01125,0.93025,0.000,0.00125,0.78425,0.000,0.0035,0.00075,0.00075,0.000,0.74375,0.00525,0.000,0.00075
2019-06-02 09:00:00,0.000,0.70625,0.000,0.01125,0.93025,0.000,0.00125,0.78425,0.000,0.0035,0.00075,0.00075,0.000,0.74375,0.00525,0.000,0.00075
2019-06-02 09:15:00,0.000,0.09475,0.000,0.00325,0.82525,0.000,0.00425,0.3585,0.000,0.000,0.00075,0.00075,0.000,0.579,0.0095,0.000,0.00075
2019-06-02 09:30:00,0.000,0.09475,0.000,0.00325,0.82525,0.000,0.00425,0.3585,0.000,0.000,0.00075,0.00075,0.000,0.579,0.0095,0.000,0.00075
2019-06-02 09:45:00,0.000,0.09475,0.000,0.00325,0.82525,0.000,0.00425,0.3585,0.000,0.000,0.00075,0.00075,0.000,0.579,0.0095,0.000,0.00075
2019-06-02 10:00:00,0.000,0.09475,0.000,0.00325,0.82525,0.000,0.00425,0.3585,0.000,0.000,0.00075,0.00075,0.000,0.579,0.0095,0.000,0.00075
2019-06-02 10:15:00,0.000,0.0005,0.000,0.000,1.20125,0.000,0.00325,0.30375,0.000,0.000,0.000,0.18425,0.000,0.3505,0.01125,0.000,0.000
2019-06-02 10:30:00,0.000,0.0005,0.000,0.000,1.20125,0.000,0.00325,0.30375,0.000,0.000,0.000,0.18425,0.000,0.3505,0.01125,0.000,0.000
2019-06-02 10:45:00,0.000,0.0005,0.000,0.000,1.20125,0.000,0.00325,0.30375,0.000,0.000,0.000,0.18425,0.000,0.3505,0.01125,0.000,0.000
2019-06-02 11:00:00,0.000,0.0005,0.000,0.000,1.20125,0.000,0.00325,0.30375,0.000,0.000,0.000,0.18425,0.000,0.3505,0.01125,0.000,0.000
2019-06-02 11:15:00,0.000,0.000,0.000,0.000,1.1265,0.000,0.0915,0.000,0.000,0.000,0.000,0.66425,0.000,0.000,0.01075,0.0885,0.000
2019-06-02 11:30:00,0.000,0.000,0.000,0.000,1.1265,0.000,0.0915,0.000,0.000,0.000,0.000,0.66425,0.000,0.000,0.01075,0.0885,0.000
2019-06-02 11:45:00,0.000,0.000,0.000,0.000,1.1265,0.000,0.0915,0.000,0.000,0.000,0.000,0.66425,0.000,0.000,0.01075,0.0885,0.000
2019-06-02 12:00:00,0.000,0.000,0.000,0.000,1.1265,0.000,0.0915,0.000,0.000,0.000,0.000,0.66425,0.000,0.000,0.01075,0.0885,0.000
2019-06-02 12:15:00,0.000,0.000,0.00075,0.000,1.16775,0.34975,0.5535,0.000,0.000,0.000,0.000,1.29675,0.000,0.000,0.01075,0.48825,0.000
2019-06-02 12:30:00,0.000,0.000,0.00075,0.000,1.16775,0.34975,0.5535,0.000,0.000,0.000,0.000,1.29675,0.000,0.000,0.01075,0.48825,0.000
2019-06-02 12:45:00,0.000,0.000,0.00075,0.000,1.16775,0.34975,0.5535,0.000,0.000,0.000,0.000,1.29675,0.000,0.000,0.01075,0.48825,0.000
2019-06-02 13:00:00,0.000,0.000,0.00075,0.000,1.16775,0.34975,0.5535,0.000,0.000,0.000,0.000,1.29675,0.000,0.000,0.01075,0.48825,0.000
2019-06-02 13:15:00,0.000,0.000,0.00075,0.4475,1.421,0.34975,1.0075,0.000,0.000,0.000,0.000,1.5735,0.000,0.000,0.07925,0.872,0.000
2019-06-02 13:30:00,0.000,0.000,0.00075,0.4475,1.421,0.34975,1.0075,0.000,0.000,0.000,0.000,1.5735,0.000,0.000,0.07925,0.872,0.000
2019-06-02 13:45:00,0.000,0.000,0.00075,0.4475,1.421,0.34975,1.0075,0.000,0.000,0.000,0.000,1.5735,0.000,0.000,0.07925,0.872,0.000
2019-06-02 14:00:00,0.000,0.000,0.00075,0.4475,1.421,0.34975,1.0075,0.000,0.000,0.000,0.000,1.5735,0.000,0.000,0.07925,0.872,0.000
2019-06-02 14:15:00,0.000,0.000,0.000,1.0155,0.711,0.000,1.03625,0.000,0.000,0.000,0.000,1.5395,0.000,0.000,0.25125,1.30625,0.000
2019-06-02 14:30:00,0.000,0.000,0.000,1.0155,0.711,0.000,1.03625,0.000,0.000,0.000,0.000,1.5395,0.000,0.000,0.25125,1.30625,0.000
2019-06-02 14:45:00,0.000,0.000,0.000,1.0155,0.711,0.000,1.03625,0.000,0.000,0.000,0.000,1.5395,0.000,0.000,0.25125,1.30625,0.000
2019-06-02 15:00:00,0.000,0.000,0.000,1.0155,0.711,0.000,1.03625,0.000,0.000,0.000,0.000,1.5395,0.000,0.000,0.25125,1.30625,0.000
2019-06-02 15:15:00,0.000,0.000,0.000,1.0545,0.000,0.1135,0.97925,0.000,0.000,0.000,0.000,1.5145,0.000,0.0555,0.19925,1.540,0.000
2019-06-02 15:30:00,0.000,0.000,0.000,1.0545,0.000,0.1135,0.97925,0.000,0.000,0.000,0.000,1.5145,0.000,0.0555,0.19925,1.540,0.000
2019-06-02 15:45:00,0.000,0.000,0.000,1.0545,0.000,0.1135,0.97925,0.000,0.000,0.000,0.000,1.5145,0.000,0.0555,0.19925,1.540,0.000
2019-06-02 16:00:00,0.000,0.000,0.000,1.0545,0.000,0.1135,0.97925,0.000,0.000,0.000,0.000,1.5145,0.000,0.0555,0.19925,1.540,0.000
2019-06-02 16:15:00,0.000,0.1265,0.000,0.99375,0.000,0.1135,0.90625,0.000,0.000,0.54725,0.130,1.39525,0.000,0.23325,0.04075,1.094,0.130
2019-06-02 16:30:00,0.000,0.1265,0.000,0.99375,0.000,0.1135,0.90625,0.000,0.000,0.54725,0.130,1.39525,0.000,0.23325,0.04075,1.094,0.130
2019-06-02 16:45:00,0.000,0.1265,0.000,0.99375,0.000,0.1135,0.90625,0.000,0.000,0.54725,0.130,1.39525,0.000,0.23325,0.04075,1.094,0.130
2019-06-02 17:00:00,0.000,0.1265,0.000,0.99375,0.000,0.1135,0.90625,0.000,0.000,0.54725,0.130,1.39525,0.000,0.23325,0.04075,1.094,0.130
2019-06-02 17:15:00,0.000,0.1265,0.000,0.89875,0.000,0.000,0.639,0.000,0.000,0.54725,0.130,1.23275,0.000,0.17775,0.0355,1.0375,0.130
2019-06-02 17:30:00,0.000,0.1265,0.000,0.89875,0.000,0.000,0.639,0.000,0.000,0.54725,0.130,1.23275,0.000,0.17775,0.0355,1.0375,0.130
2019-06-02 17:45:00,0.000,0.1265,0.000,0.89875,0.000,0.000,0.639,0.000,0.000,0.54725,0.130,1.23275,0.000,0.17775,0.0355,1.0375,0.130
2019-06-02 18:00:00,0.000,0.1265,0.000,0.89875,0.000,0.000,0.639,0.000,0.000,0.54725,0.130,1.23275,0.000,0.17775,0.0355,1.0375,0.130
2019-06-02 18:15:00,0.00075,0.000,0.000,0.496,0.000,0.000,0.22825,0.000,0.000,0.000,0.000,0.62925,0.000,0.000,0.03175,1.1555,0.000
2019-06-02 18:30:00,0.00075,0.000,0.000,0.496,0.000,0.000,0.22825,0.000,0.000,0.000,0.000,0.62925,0.000,0.000,0.03175,1.1555,0.000
2019-06-02 18:45:00,0.00075,0.000,0.000,0.496,0.000,0.000,0.22825,0.000,0.000,0.000,0.000,0.62925,0.000,0.000,0.03175,1.1555,0.000
2019-06-02 19:00:00,0.00075,0.000,0.000,0.496,0.000,0.000,0.22825,0.000,0.000,0.000,0.000,0.62925,0.000,0.000,0.03175,1.1555,0.000
2019-06-02 19:15:00,0.0055,0.000,0.000,0.11375,0.000,0.000,0.00725,0.000,0.000,0.000,0.000,0.06025,0.000,0.000,0.02275,0.58025,0.000
2019-06-02 19:30:00,0.0055,0.000,0.000,0.11375,0.000,0.000,0.00725,0.000,0.000,0.000,0.000,0.06025,0.000,0.000,0.02275,0.58025,0.000
2019-06-02 19:45:00,0.0055,0.000,0.000,0.11375,0.000,0.000,0.00725,0.000,0.000,0.000,0.000,0.06025,0.000,0.000,0.02275,0.58025,0.000
2019-06-02 20:00:00,0.0055,0.000,0.000,0.11375,0.000,0.000,0.00725,0.000,0.000,0.000,0.000,0.06025,0.000,0.000,0.02275,0.58025,0.000
2019-06-02 20:15:00,0.0055,0.07625,0.000,0.01925,0.0045,0.000,0.000,0.077,0.000,0.000,0.000,0.0005,0.0005,0.000,0.0195,0.08275,0.000
2019-06-02 20:30:00,0.0055,0.07625,0.000,0.01925,0.0045,0.000,0.000,0.077,0.000,0.000,0.000,0.0005,0.0005,0.000,0.0195,0.08275,0.000
2019-06-02 20:45:00,0.0055,0.07625,0.000,0.01925,0.0045,0.000,0.000,0.077,0.000,0.000,0.000,0.0005,0.0005,0.000,0.0195,0.08275,0.000
2019-06-02 21:00:00,0.0055,0.07625,0.000,0.01925,0.0045,0.000,0.000,0.077,0.000,0.000,0.000,0.0005,0.0005,0.000,0.0195,0.08275,0.000
2019-06-02 21:15:00,0.002,0.1495,0.000,0.03175,0.92775,0.000,0.00025,0.3135,0.000,0.0885,0.090,0.0015,0.00225,0.15025,0.03075,0.01375,0.090
2019-06-02 21:30:00,0.002,0.1495,0.000,0.03175,0.92775,0.000,0.00025,0.3135,0.000,0.0885,0.090,0.0015,0.00225,0.15025,0.03075,0.01375,0.090
2019-06-02 21:45:00,0.002,0.1495,0.000,0.03175,0.92775,0.000,0.00025,0.3135,0.000,0.0885,0.090,0.0015,0.00225,0.15025,0.03075,0.01375,0.090
2019-06-02 22:00:00,0.002,0.1495,0.000,0.03175,0.92775,0.000,0.00025,0.3135,0.000,0.0885,0.090,0.0015,0.00225,0.15025,0.03075,0.01375,0.090
2019-06-02 22:15:00,0.00125,0.3115,0.000,0.104,1.844,0.000,0.00175,0.761,0.000,0.75825,0.0905,0.0065,0.1115,0.15025,0.0465,0.00825,0.0905
2019-06-02 22:30:00,0.00125,0.3115,0.000,0.104,1.844,0.000,0.00175,0.761,0.000,0.75825,0.0905,0.0065,0.1115,0.15025,0.0465,0.00825,0.0905
2019-06-02 22:45:00,0.00125,0.3115,0.000,0.104,1.844,0.000,0.00175,0.761,0.000,0.75825,0.0905,0.0065,0.1115,0.15025,0.0465,0.00825,0.0905
2019-06-02 23:00:00,0.00125,0.3115,0.000,0.104,1.844,0.000,0.00175,0.761,0.000,0.75825,0.0905,0.0065,0.1115,0.15025,0.0465,0.00825,0.0905
2019-06-02 23:15:00,,,,,,,,,,,,,,,,,
2019-06-02 23:30:00,,,,,,,,,,,,,,,,,
2019-06-02 23:45:00,,,,,,,,,,,,,,,,,
2019-06-03 00:00:00,,,,,,,,,,,,,,,,,
